12138793056128400e+088
13757298796945520e+088
14306119636002839e+088
12687613895185719e+088
11069108154368599e+088
9450602413551479e+088
7832096672734359e+088
13236434734243038e+088
11617928993425918e+088
9999423252608798e+088
13785255573300357e+088
8380917511791678e+088
12166749832483237e+088
14334076412357676e+088
10548244091666117e+088
12715570671540556e+088
8929738350848997e+088
11097064930723436e+088
13264391510597875e+088
7311232610031877e+088
9478559189906316e+088
11645885769780755e+088
13813212349655194e+088
12194706608838074e+088
10027380028963635e+088
7860053449089196e+088
12743527447895393e+088
10576200868020954e+088
8408874288146515e+088
13292348286952712e+088
11125021707078273e+088
13841169126010031e+088
8957695127203834e+088
11673842546135592e+088
9506515966261153e+088
12222663385192911e+088
12771484224250230e+088
10055336805318472e+088
7339189386386714e+088
13320305063307549e+088
10604157644375791e+088
13869125902364868e+088
7888010225444033e+088
11152978483433110e+088
11701799322490429e+088
8436831064501352e+088
12250620161547748e+088
8985651903558671e+088
12799441000605067e+088
9534472742615990e+088
13348261839662386e+088
13897082678719705e+088
10083293581673309e+088
10632114420730628e+088
11180935259787947e+088
11729756098845266e+088
7367146162741551e+088
12278576937902585e+088
12827397776959904e+088
7915967001798870e+088
13376218616017223e+088
13925039455074542e+088
8464787840856189e+088
9013608679913508e+088
9562429518970827e+088
10111250358028146e+088
10660071197085465e+088
11208892036142784e+088
11757712875200103e+088
12306533714257422e+088
12855354553314741e+088
13404175392372060e+088
13952996231429379e+088
7395102939096388e+088
7943923778153707e+088
8492744617211026e+088
9041565456268345e+088
9590386295325664e+088
10139207134382983e+088
10688027973440302e+088
11236848812497621e+088
11785669651554940e+088
12334490490612259e+088
12883311329669578e+088
13432132168726897e+088
13980953007784216e+088
14008909784139053e+088
13460088945081734e+088
12911268106024415e+088
12362447266967096e+088
11813626427909777e+088
11264805588852458e+088
10715984749795139e+088
10167163910737820e+088
9618343071680501e+088
9069522232623182e+088
8520701393565863e+088
7971880554508544e+088
7423059715451225e+088
14036866560493890e+088
13488045721436571e+088
12939224882379252e+088
12390404043321933e+088
11841583204264614e+088
11292762365207295e+088
10743941526149976e+088
10195120687092657e+088
9646299848035338e+088
9097479008978019e+088
8548658169920700e+088
14064823336848727e+088
13516002497791408e+088
7999837330863381e+088
12967181658734089e+088
7451016491806062e+088
12418360819676770e+088
11869539980619451e+088
11320719141562132e+088
10771898302504813e+088
10223077463447494e+088
14092780113203564e+088
9674256624390175e+088
13543959274146245e+088
12995138435088926e+088
9125435785332856e+088
12446317596031607e+088
8576614946275537e+088
11897496756974288e+088
11348675917916969e+088
8027794107218218e+088
14120736889558401e+088
10799855078859650e+088
13571916050501082e+088
7478973268160899e+088
10251034239802331e+088
13023095211443763e+088
9702213400745012e+088
12474274372386444e+088
11925453533329125e+088
9153392561687693e+088
14148693665913238e+088
11376632694271806e+088
13599872826855919e+088
8604571722630374e+088
10827811855214487e+088
13051051987798600e+088
8055750883573055e+088
10278991016157168e+088
12502231148741281e+088
14176650442268075e+088
11953410309683962e+088
9730170177099849e+088
7506930044515736e+088
13627829603210756e+088
11404589470626643e+088
9181349338042530e+088
13079008764153437e+088
10855768631569324e+088
12530187925096118e+088
8632528498985211e+088
14204607218622912e+088
10306947792512005e+088
11981367086038799e+088
13655786379565593e+088
8083707659927892e+088
9758126953454686e+088
11432546246981480e+088
13106965540508274e+088
7534886820870573e+088
9209306114397367e+088
10883725407924161e+088
12558144701450955e+088
14232563994977749e+088
13683743155920430e+088
12009323862393636e+088
10334904568866842e+088
8660485275340048e+088
13134922316863111e+088
11460503023336317e+088
9786083729809523e+088
14260520771332586e+088
12586101477805792e+088
8111664436282729e+088
10911682184278998e+088
13711699932275267e+088
9237262890752204e+088
12037280638748473e+088
13162879093217948e+088
10362861345221679e+088
7562843597225410e+088
14288477547687423e+088
11488459799691154e+088
8688442051694885e+088
12614058254160629e+088
9814040506164360e+088
13739656708630104e+088
10939638960633835e+088
12065237415103310e+088
13190835869572785e+088
8139621212637566e+088
14316434324042260e+088
9265219667107041e+088
10390818121576516e+088
11516416576045991e+088
12642015030515466e+088
13767613484984941e+088
7590800373580247e+088
8716398828049722e+088
9841997282519197e+088
10967595736988672e+088
12093194191458147e+088
13218792645927622e+088
13795570261339778e+088
12669971806870303e+088
11544373352400828e+088
10418774897931353e+088
9293176443461878e+088
8167577988992403e+088
13246749422282459e+088
12121150967812984e+088
10995552513343509e+088
9869954058874034e+088
8744355604404559e+088
13823527037694615e+088
7618757149935084e+088
12697928583225140e+088
11572330128755665e+088
10446731674286190e+088
13274706198637296e+088
9321133219816715e+088
12149107744167821e+088
8195534765347240e+088
11023509289698346e+088
13851483814049452e+088
9897910835228871e+088
12725885359579977e+088
11600286905110502e+088
8772312380759396e+088
13302662974992133e+088
10474688450641027e+088
12177064520522658e+088
7646713926289921e+088
13879440590404289e+088
9349089996171552e+088
11051466066053183e+088
12753842135934814e+088
8223491541702077e+088
9925867611583708e+088
11628243681465339e+088
13330619751346970e+088
13907397366759126e+088
12205021296877495e+088
10502645226995864e+088
8800269157114233e+088
12781798912289651e+088
11079422842408020e+088
9377046772526389e+088
13358576527701807e+088
7674670702644758e+088
11656200457820176e+088
9953824387938545e+088
13935354143113963e+088
12232978073232332e+088
8251448318056914e+088
10530602003350701e+088
12809755688644488e+088
8828225933469070e+088
11107379618762857e+088
13386533304056644e+088
13963310919468800e+088
11684157234175013e+088
9405003548881226e+088
12260934849587169e+088
9981781164293382e+088
7702627478999595e+088
12837712464999325e+088
10558558779705538e+088
13414490080411481e+088
8279405094411751e+088
11135336395117694e+088
13991267695823637e+088
11712114010529850e+088
8856182709823907e+088
12288891625942006e+088
9432960325236063e+088
12865669241354162e+088
10009737940648219e+088
13442446856766318e+088
14019224472178474e+088
10586515556060375e+088
11163293171472531e+088
7730584255354432e+088
11740070786884687e+088
12316848402296843e+088
8307361870766588e+088
12893626017708999e+088
8884139486178744e+088
13470403633121155e+088
14047181248533311e+088
9460917101590900e+088
10037694717003056e+088
10614472332415212e+088
11191249947827368e+088
11768027563239524e+088
12344805178651680e+088
12921582794063836e+088
13498360409475992e+088
14075138024888148e+088
7181763416297113e+088
7758541031709269e+088
8335318647121425e+088
8912096262533581e+088
9488873877945737e+088
10065651493357893e+088
10642429108770049e+088
11219206724182205e+088
11795984339594361e+088
12372761955006517e+088
12949539570418673e+088
13526317185830829e+088
14103094801242985e+088
7209720192651950e+088
7786497808064106e+088
8363275423476262e+088
8940053038888418e+088
9516830654300574e+088
10093608269712730e+088
10670385885124886e+088
11247163500537042e+088
11823941115949198e+088
12400718731361354e+088
12977496346773510e+088
13554273962185666e+088
14131051577597822e+088
14159008353952659e+088
13582230738540503e+088
13005453123128347e+088
12428675507716191e+088
11851897892304035e+088
11275120276891879e+088
10698342661479723e+088
10121565046067567e+088
9544787430655411e+088
8968009815243255e+088
8391232199831099e+088
7814454584418943e+088
7237676969006787e+088
14186965130307496e+088
13610187514895340e+088
13033409899483184e+088
12456632284071028e+088
11879854668658872e+088
11303077053246716e+088
10726299437834560e+088
10149521822422404e+088
9572744207010248e+088
14214921906662333e+088
13638144291250177e+088
8995966591598092e+088
13061366675838021e+088
8419188976185936e+088
12484589060425865e+088
11907811445013709e+088
7842411360773780e+088
11331033829601553e+088
7265633745361624e+088
10754256214189397e+088
14242878683017170e+088
13666101067605014e+088
10177478598777241e+088
13089323452192858e+088
9600700983365085e+088
12512545836780702e+088
9023923367952929e+088
11935768221368546e+088
14270835459372007e+088
11358990605956390e+088
8447145752540773e+088
13694057843959851e+088
10782212990544234e+088
7870368137128617e+088
13117280228547695e+088
10205435375132078e+088
12540502613135539e+088
7293590521716461e+088
9628657759719922e+088
11963724997723383e+088
14298792235726844e+088
13722014620314688e+088
11386947382311227e+088
9051880144307766e+088
13145237004902532e+088
10810169766899071e+088
8475102528895610e+088
12568459389490376e+088
10233392151486915e+088
14326749012081681e+088
11991681774078220e+088
7898324913483454e+088
13749971396669525e+088
9656614536074759e+088
11414904158666064e+088
13173193781257369e+088
7321547298071298e+088
9079836920662603e+088
10838126543253908e+088
12596416165845213e+088
13777928173024362e+088
12019638550433057e+088
10261348927841752e+088
8503059305250447e+088
13201150557612206e+088
11442860935020901e+088
9684571312429596e+088
7926281689838291e+088
12624372942200050e+088
10866083319608745e+088
13805884949379199e+088
9107793697017440e+088
12047595326787894e+088
7349504074426135e+088
10289305704196589e+088
13229107333967043e+088
11470817711375738e+088
8531016081605284e+088
12652329718554887e+088
9712528088784433e+088
13833841725734036e+088
10894040095963582e+088
12075552103142731e+088
7954238466193128e+088
13257064110321880e+088
9135750473372277e+088
10317262480551426e+088
11498774487730575e+088
12680286494909724e+088
13861798502088873e+088
7377460850780972e+088
8558972857960121e+088
9740484865139270e+088
10921996872318419e+088
12103508879497568e+088
13285020886676717e+088
13889755278443710e+088
12708243271264561e+088
11526731264085412e+088
10345219256906263e+088
9163707249727114e+088
7982195242547965e+088
13312977663031554e+088
12131465655852405e+088
10949953648673256e+088
9768441641494107e+088
8586929634314958e+088
13917712054798547e+088
12736200047619398e+088
7405417627135809e+088
11554688040440249e+088
10373176033261100e+088
13340934439386391e+088
9191664026081951e+088
12159422432207242e+088
8010152018902802e+088
10977910425028093e+088
13945668831153384e+088
12764156823974235e+088
9796398417848944e+088
11582644816795086e+088
8614886410669795e+088
13368891215741228e+088
10401132809615937e+088
12187379208562079e+088
13973625607508221e+088
7433374403490646e+088
9219620802436788e+088
11005867201382930e+088
12792113600329072e+088
8038108795257639e+088
9824355194203781e+088
11610601593149923e+088
13396847992096065e+088
14001582383863058e+088
12215335984916916e+088
10429089585970774e+088
8642843187024632e+088
12820070376683909e+088
11033823977737767e+088
9247577578791625e+088
13424804768450902e+088
11638558369504760e+088
7461331179845483e+088
14029539160217895e+088
9852311970558618e+088
12243292761271753e+088
8066065571612476e+088
10457046362325611e+088
12848027153038746e+088
13452761544805739e+088
11061780754092604e+088
8670799963379469e+088
14057495936572732e+088
11666515145859597e+088
9275534355146462e+088
12271249537626590e+088
9880268746913455e+088
12875983929393583e+088
7489287956200320e+088
10485003138680448e+088
13480718321160576e+088
14085452712927569e+088
11089737530447441e+088
8094022347967313e+088
11694471922214434e+088
8698756739734306e+088
12299206313981427e+088
12903940705748420e+088
9303491131501299e+088
13508675097515413e+088
9908225523268292e+088
14113409489282406e+088
10512959915035285e+088
11117694306802278e+088
11722428698569271e+088
12327163090336264e+088
7517244732555157e+088
12931897482103257e+088
8121979124322150e+088
13536631873870250e+088
14141366265637243e+088
8726713516089143e+088
9331447907856136e+088
9936182299623129e+088
10540916691390122e+088
11145651083157115e+088
11750385474924108e+088
12355119866691101e+088
12959854258458094e+088
13564588650225087e+088
14169323041992080e+088
7545201508909994e+088
8149935900676987e+088
8754670292443980e+088
9359404684210973e+088
9964139075977966e+088
10568873467744959e+088
11173607859511952e+088
11778342251278945e+088
12383076643045938e+088
12987811034812931e+088
13592545426579924e+088
14197279818346917e+088
14225236594701754e+088
13620502202934761e+088
13015767811167768e+088
12411033419400775e+088
11806299027633782e+088
11201564635866789e+088
10596830244099796e+088
9992095852332803e+088
9387361460565810e+088
8782627068798817e+088
8177892677031824e+088
7573158285264831e+088
14253193371056591e+088
13648458979289598e+088
13043724587522605e+088
12438990195755612e+088
11834255803988619e+088
11229521412221626e+088
10624787020454633e+088
10020052628687640e+088
9415318236920647e+088
8810583845153654e+088
14281150147411428e+088
8205849453386661e+088
13676415755644435e+088
13071681363877442e+088
7601115061619668e+088
12466946972110449e+088
11862212580343456e+088
11257478188576463e+088
10652743796809470e+088
14309106923766265e+088
10048009405042477e+088
13704372531999272e+088
9443275013275484e+088
13099638140232279e+088
12494903748465286e+088
8838540621508491e+088
11890169356698293e+088
8233806229741498e+088
11285434964931300e+088
7629071837974505e+088
10680700573164307e+088
13732329308354109e+088
13127594916587116e+088
10075966181397314e+088
12522860524820123e+088
9471231789630321e+088
11918126133053130e+088
8866497397863328e+088
11313391741286137e+088
13760286084708946e+088
13155551692941953e+088
10708657349519144e+088
8261763006096335e+088
12550817301174960e+088
10103922957752151e+088
7657028614329342e+088
11946082909407967e+088
13788242861063783e+088
9499188565985158e+088
11341348517640974e+088
13183508469296790e+088
8894454174218165e+088
10736614125873981e+088
12578774077529797e+088
8289719782451172e+088
10131879734106988e+088
11974039685762804e+088
13816199637418620e+088
13211465245651627e+088
11369305293995811e+088
9527145342339995e+088
7684985390684179e+088
12606730853884634e+088
10764570902228818e+088
13844156413773457e+088
8922410950573002e+088
12001996462117641e+088
10159836510461825e+088
13239422022006464e+088
11397262070350648e+088
8317676558806009e+088
12634687630239471e+088
9555102118694832e+088
13872113190128294e+088
10792527678583655e+088
12029953238472478e+088
7712942167039016e+088
13267378798361301e+088
8950367726927839e+088
10187793286816662e+088
11425218846705485e+088
12662644406594308e+088
13900069966483131e+088
8345633335160846e+088
9583058895049669e+088
10820484454938492e+088
12057910014827315e+088
13295335574716138e+088
13928026742837968e+088
12690601182949145e+088
11453175623060322e+088
10215750063171499e+088
8978324503282676e+088
7740898943393853e+088
13323292351070975e+088
12085866791182152e+088
10848441231293329e+088
9611015671404506e+088
8373590111515683e+088
13955983519192805e+088
12718557959303982e+088
11481132399415159e+088
10243706839526336e+088
13351249127425812e+088
9006281279637513e+088
12113823567536989e+088
7768855719748690e+088
10876398007648166e+088
13983940295547642e+088
12746514735658819e+088
9638972447759343e+088
11509089175769996e+088
13379205903780649e+088
8401546887870520e+088
10271663615881173e+088
12141780343891826e+088
14011897071902479e+088
9034238055992350e+088
10904354784003003e+088
12774471512013656e+088
13407162680135486e+088
11537045952124833e+088
9666929224114180e+088
7796812496103527e+088
14039853848257316e+088
12169737120246663e+088
10299620392236010e+088
8429503664225357e+088
12802428288368493e+088
10932311560357840e+088
13435119456490323e+088
9062194832347187e+088
11565002728479670e+088
14067810624612153e+088
7192078104336534e+088
9694886000469017e+088
12197693896601500e+088
12830385064723330e+088
10327577168590847e+088
7824769272458364e+088
13463076232845160e+088
10960268336712677e+088
8457460440580194e+088
14095767400966990e+088
11592959504834507e+088
9090151608702024e+088
12225650672956337e+088
12858341841078167e+088
9722842776823854e+088
13491033009199997e+088
10355533944945684e+088
14123724177321827e+088
7220034880691371e+088
10988225113067514e+088
11620916281189344e+088
7852726048813201e+088
12253607449311174e+088
8485417216935031e+088
12886298617433004e+088
13518989785554834e+088
9118108385056861e+088
14151680953676664e+088
9750799553178691e+088
10383490721300521e+088
11016181889422351e+088
11648873057544181e+088
12281564225666011e+088
12914255393787841e+088
13546946561909671e+088
14179637730031501e+088
7247991657046208e+088
7880682825168038e+088
8513373993289868e+088
9146065161411698e+088
9778756329533528e+088
10411447497655358e+088
11044138665777188e+088
11676829833899018e+088
12309521002020848e+088
12942212170142678e+088
13574903338264508e+088
14207594506386338e+088
7275948433401045e+088
7908639601522875e+088
8541330769644705e+088
9174021937766535e+088
9806713105888365e+088
10439404274010195e+088
11072095442132025e+088
11704786610253855e+088
12337477778375685e+088
12970168946497515e+088
13602860114619345e+088
14235551282741175e+088
14263508059096012e+088
13630816890974182e+088
12998125722852352e+088
12365434554730522e+088
11732743386608692e+088
11100052218486862e+088
10467361050365032e+088
9834669882243202e+088
9201978714121372e+088
8569287545999542e+088
7936596377877712e+088
7303905209755882e+088
14291464835450849e+088
13658773667329019e+088
13026082499207189e+088
12393391331085359e+088
11760700162963529e+088
11128008994841699e+088
10495317826719869e+088
9862626658598039e+088
14319421611805686e+088
9229935490476209e+088
13686730443683856e+088
13054039275562026e+088
8597244322354379e+088
12421348107440196e+088
7964553154232549e+088
11788656939318366e+088
11155965771196536e+088
7331861986110719e+088
10523274603074706e+088
13714687220038693e+088
9890583434952876e+088
13081996051916863e+088
12449304883795033e+088
9257892266831046e+088
11816613715673203e+088
8625201098709216e+088
11183922547551373e+088
13742643996393530e+088
7992509930587386e+088
10551231379429543e+088
13109952828271700e+088
12477261660149870e+088
9918540211307713e+088
7359818762465556e+088
11844570492028040e+088
9285849043185883e+088
13770600772748367e+088
11211879323906210e+088
13137909604626537e+088
8653157875064053e+088
10579188155784380e+088
12505218436504707e+088
8020466706942223e+088
9946496987662550e+088
11872527268382877e+088
13798557549103204e+088
13165866380981374e+088
11239836100261047e+088
9313805819540720e+088
7387775538820393e+088
12533175212859544e+088
10607144932139217e+088
8681114651418890e+088
13826514325458041e+088
11900484044737714e+088
9974453764017387e+088
13193823157336211e+088
8048423483297060e+088
11267792876615884e+088
12561131989214381e+088
9341762595895557e+088
13854471101812878e+088
10635101708494054e+088
11928440821092551e+088
7415732315175230e+088
13221779933691048e+088
8709071427773727e+088
10002410540372224e+088
11295749652970721e+088
12589088765569218e+088
13882427878167715e+088
8076380259651897e+088
9369719372250394e+088
10663058484848891e+088
11956397597447388e+088
13249736710045885e+088
13910384654522552e+088
12617045541924055e+088
11323706429325558e+088
10030367316727061e+088
8737028204128564e+088
7443689091530067e+088
13277693486400722e+088
11984354373802225e+088
10691015261203728e+088
9397676148605231e+088
13938341430877389e+088
8104337036006734e+088
12645002318278892e+088
11351663205680395e+088
10058324093081898e+088
13305650262755559e+088
8764984980483401e+088
12012311150157062e+088
13966298207232226e+088
10718972037558565e+088
7471645867884904e+088
12672959094633729e+088
9425632924960068e+088
11379619982035232e+088
13333607039110396e+088
8132293812361571e+088
10086280869436735e+088
12040267926511899e+088
13994254983587063e+088
8792941756838238e+088
10746928813913402e+088
12700915870988566e+088
13361563815465233e+088
11407576758390069e+088
9453589701314905e+088
7499602644239741e+088
14022211759941900e+088
12068224702866736e+088
10114237645791572e+088
12728872647343403e+088
8160250588716408e+088
10774885590268239e+088
13389520591820070e+088
8820898533193075e+088
11435533534744906e+088
14050168536296737e+088
12096181479221573e+088
9481546477669742e+088
12756829423698240e+088
10142194422146409e+088
13417477368174907e+088
7527559420594578e+088
10802842366623076e+088
14078125312651574e+088
8188207365071245e+088
11463490311099743e+088
12124138255576410e+088
8848855309547912e+088
12784786200053077e+088
9509503254024579e+088
13445434144529744e+088
14106082089006411e+088
10170151198501246e+088
10830799142977913e+088
11491447087454580e+088
12152095031931247e+088
7555516196949415e+088
12812742976407914e+088
13473390920884581e+088
8216164141426082e+088
14134038865361248e+088
8876812085902749e+088
9537460030379416e+088
10198107974856083e+088
10858755919332750e+088
11519403863809417e+088
12180051808286084e+088
12840699752762751e+088
13501347697239418e+088
14161995641716085e+088
7583472973304252e+088
8244120917780919e+088
8904768862257586e+088
9565416806734253e+088
10226064751210920e+088
10886712695687587e+088
11547360640164254e+088
12208008584640921e+088
12868656529117588e+088
13529304473594255e+088
14189952418070922e+088
14217909194425759e+088
13557261249949092e+088
12896613305472425e+088
12235965360995758e+088
11575317416519091e+088
10914669472042424e+088
10254021527565757e+088
9593373583089090e+088
8932725638612423e+088
8272077694135756e+088
7611429749659089e+088
14245865970780596e+088
13585218026303929e+088
12924570081827262e+088
12263922137350595e+088
11603274192873928e+088
10942626248397261e+088
10281978303920594e+088
9621330359443927e+088
8960682414967260e+088
14273822747135433e+088
8300034470490593e+088
13613174802658766e+088
12952526858182099e+088
7639386526013926e+088
12291878913705432e+088
11631230969228765e+088
10970583024752098e+088
