10767156050594946e+291
9931372025307256e+291
9095588000019566e+291
8259803974731876e+291
7424019949444186e+291
6588235924156496e+291
5752451898868806e+291
11087011785093767e+291
10251227759806077e+291
9415443734518387e+291
8579659709230697e+291
7743875683943007e+291
10571083494304898e+291
6908091658655317e+291
9735299469017208e+291
6072307633367627e+291
8899515443729518e+291
10890939228803719e+291
8063731418441828e+291
10055155203516029e+291
7227947393154138e+291
9219371178228339e+291
11210794963302540e+291
6392163367866448e+291
8383587152940649e+291
10375010938014850e+291
9539226912727160e+291
7547803127652959e+291
10694866672513671e+291
8703442887439470e+291
6712019102365269e+291
9859082647225981e+291
7867658862151780e+291
11014722407012492e+291
9023298621938291e+291
5876235077077579e+291
10178938381724802e+291
7031874836864090e+291
8187514596650601e+291
9343154356437112e+291
10498794116223623e+291
6196090811576400e+291
7351730571362911e+291
8507370331149422e+291
9663010090935933e+291
10818649850722444e+291
11138505585221265e+291
9982865825434754e+291
8827226065648243e+291
7671586305861732e+291
6515946546075221e+291
10302721559933575e+291
9147081800147064e+291
7991442040360553e+291
6835802280574042e+291
10622577294432396e+291
5680162520787531e+291
9466937534645885e+291
8311297774859374e+291
10942433028931217e+291
7155658015072863e+291
9786793269144706e+291
8631153509358195e+291
6000018255286352e+291
10106649003643527e+291
7475513749571684e+291
8951009243857016e+291
10426504738142348e+291
6319873989785173e+291
7795369484070505e+291
9270864978355837e+291
10746360472641169e+291
6639729724283994e+291
8115225218569326e+291
9590720712854658e+291
11066216207139990e+291
9910576447353479e+291
8435080953068147e+291
6959585458782815e+291
10230432181852300e+291
8754936687566968e+291
7279441193281636e+291
10550287916351121e+291
9074792422065789e+291
5803945698996304e+291
10870143650849942e+291
7599296927780457e+291
9394648156564610e+291
11189999385348763e+291
6123801433495125e+291
7919152662279278e+291
9714503891063431e+291
10034359625562252e+291
8239008396778099e+291
6443657167993946e+291
10354215360061073e+291
8558864131276920e+291
6763512902492767e+291
10674071094559894e+291
8878719865775741e+291
10993926829058715e+291
7083368636991588e+291
9198575600274562e+291
7403224371490409e+291
9518431334773383e+291
9838287069272204e+291
7723080105989230e+291
10158142803771025e+291
8042935840488051e+291
10477998538269846e+291
5927728877205077e+291
8362791574986872e+291
10797854272768667e+291
11117710007267488e+291
8682647309485693e+291
6247584611703898e+291
9002503043984514e+291
6567440346202719e+291
9322358778483335e+291
6887296080701540e+291
9642214512982156e+291
9962070247480977e+291
7207151815200361e+291
10281925981979798e+291
7527007549699182e+291
10601781716478619e+291
10921637450977440e+291
7846863284198003e+291
8166719018696824e+291
8486574753195645e+291
8806430487694466e+291
9126286222193287e+291
9446141956692108e+291
5731656320915029e+291
9765997691190929e+291
6051512055413850e+291
10085853425689750e+291
10405709160188571e+291
6371367789912671e+291
10725564894687392e+291
11045420629186213e+291
6691223524411492e+291
7011079258910313e+291
7330934993409134e+291
7650790727907955e+291
7970646462406776e+291
8290502196905597e+291
8610357931404418e+291
8930213665903239e+291
9250069400402060e+291
9569925134900881e+291
9889780869399702e+291
10209636603898523e+291
10529492338397344e+291
10849348072896165e+291
11169203807394986e+291
5855439499123802e+291
6175295233622623e+291
6495150968121444e+291
6815006702620265e+291
7134862437119086e+291
7454718171617907e+291
7774573906116728e+291
8094429640615549e+291
8414285375114370e+291
8734141109613191e+291
9053996844112012e+291
9373852578610833e+291
9693708313109654e+291
10013564047608475e+291
10333419782107296e+291
10653275516606117e+291
10973131251104938e+291
11096914429313711e+291
10777058694814890e+291
10457202960316069e+291
10137347225817248e+291
9817491491318427e+291
9497635756819606e+291
9177780022320785e+291
8857924287821964e+291
8538068553323143e+291
8218212818824322e+291
7898357084325501e+291
7578501349826680e+291
7258645615327859e+291
6938789880829038e+291
6618934146330217e+291
6299078411831396e+291
5979222677332575e+291
5659366942833754e+291
11220697607522484e+291
10900841873023663e+291
10580986138524842e+291
10261130404026021e+291
9941274669527200e+291
9621418935028379e+291
9301563200529558e+291
8981707466030737e+291
8661851731531916e+291
8341995997033095e+291
8022140262534274e+291
7702284528035453e+291
7382428793536632e+291
7062573059037811e+291
6742717324538990e+291
11024625051232436e+291
6422861590040169e+291
10704769316733615e+291
10384913582234794e+291
6103005855541348e+291
10065057847735973e+291
9745202113237152e+291
5783150121042527e+291
9425346378738331e+291
9105490644239510e+291
8785634909740689e+291
8465779175241868e+291
8145923440743047e+291
11148408229441209e+291
7826067706244226e+291
10828552494942388e+291
7506211971745405e+291
10508696760443567e+291
10188841025944746e+291
7186356237246584e+291
9868985291445925e+291
6866500502747763e+291
9549129556947104e+291
9229273822448283e+291
6546644768248942e+291
8909418087949462e+291
6226789033750121e+291
8589562353450641e+291
10952335673151161e+291
5906933299251300e+291
8269706618951820e+291
10632479938652340e+291
10312624204153519e+291
7949850884452999e+291
9992768469654698e+291
7629995149954178e+291
9672912735155877e+291
7310139415455357e+291
9353057000657056e+291
11076118851359934e+291
9033201266158235e+291
6990283680956536e+291
10756263116861113e+291
8713345531659414e+291
6670427946457715e+291
10436407382362292e+291
8393489797160593e+291
10116551647863471e+291
6350572211958894e+291
8073634062661772e+291
9796695913364650e+291
6030716477460073e+291
7753778328162951e+291
9476840178865829e+291
11199902029568707e+291
10880046295069886e+291
9156984444367008e+291
7433922593664130e+291
5710860742961252e+291
10560190560571065e+291
8837128709868187e+291
7114066859165309e+291
10240334826072244e+291
8517272975369366e+291
9920479091573423e+291
6794211124666488e+291
8197417240870545e+291
9600623357074602e+291
11003829473278659e+291
6474355390167667e+291
7877561506371724e+291
9280767622575781e+291
10683973738779838e+291
10364118004281017e+291
8960911888076960e+291
7557705771872903e+291
6154499655668846e+291
10044262269782196e+291
8641056153578139e+291
7237850037374082e+291
11127612651487432e+291
5834643921170025e+291
9724406535283375e+291
8321200419079318e+291
10807756916988611e+291
6917994302875261e+291
9404550800784554e+291
10487901182489790e+291
8001344684580497e+291
9084695066285733e+291
6598138568376440e+291
10168045447990969e+291
7681488950081676e+291
8764839331786912e+291
9848189713492148e+291
10931540095197384e+291
6278282833877619e+291
7361633215582855e+291
8444983597288091e+291
9528333978993327e+291
10611684360698563e+291
5958427099378798e+291
7041777481084034e+291
8125127862789270e+291
9208478244494506e+291
10291828626199742e+291
11055323273406157e+291
9971972891700921e+291
8888622509995685e+291
7805272128290449e+291
6721921746585213e+291
5638571364879977e+291
10735467538907336e+291
9652117157202100e+291
8568766775496864e+291
7485416393791628e+291
10415611804408515e+291
6402066012086392e+291
9332261422703279e+291
11179106451614930e+291
8248911040998043e+291
10095756069909694e+291
7165560659292807e+291
9012405688204458e+291
10859250717116109e+291
6082210277587571e+291
7929055306499222e+291
9775900335410873e+291
10539394982617288e+291
8692549953705637e+291
6845704924793986e+291
9456044600912052e+291
7609199572000401e+291
10219539248118467e+291
5762354543088750e+291
8372694219206816e+291
10983033895324882e+291
6525849190295165e+291
9136188866413231e+291
9899683513619646e+291
7289343837501580e+291
10663178160826061e+291
8052838484707995e+291
8816333131914410e+291
9579827779120825e+291
6205993455796344e+291
10343322426327240e+291
11106817073533655e+291
6969488103002759e+291
7732982750209174e+291
8496477397415589e+291
9259972044622004e+291
10023466691828419e+291
10786961339034834e+291
5886137721297523e+291
6649632368503938e+291
7413127015710353e+291
8176621662916768e+291
8940116310123183e+291
9703610957329598e+291
10467105604536013e+291
11230600251742428e+291
10910744517243607e+291
10147249870037192e+291
9383755222830777e+291
8620260575624362e+291
7856765928417947e+291
7093271281211532e+291
6329776634005117e+291
10590888782744786e+291
9827394135538371e+291
9063899488331956e+291
8300404841125541e+291
7536910193919126e+291
6773415546712711e+291
11034527695452380e+291
10271033048245965e+291
6009920899506296e+291
9507538401039550e+291
8744043753833135e+291
7980549106626720e+291
10714671960953559e+291
7217054459420305e+291
9951177313747144e+291
9187682666540729e+291
6453559812213890e+291
11158310873661153e+291
8424188019334314e+291
10394816226454738e+291
5690065165007475e+291
7660693372127899e+291
9631321579248323e+291
6897198724921484e+291
8867826932041908e+291
10838455139162332e+291
10074960491955917e+291
8104332284835493e+291
6133704077715069e+291
9311465844749502e+291
7340837637629078e+291
10518599404663511e+291
8547971197543087e+291
9755104757457096e+291
6577342990422663e+291
10962238317371105e+291
7784476550336672e+291
8991610110250681e+291
10198743670164690e+291
5813848343216248e+291
7020981903130257e+291
8228115463044266e+291
9435249022958275e+291
10642382582872284e+291
11086021495579878e+291
9878887935665869e+291
8671754375751860e+291
7464620815837851e+291
6257487255923842e+291
10322526848373463e+291
9115393288459454e+291
7908259728545445e+291
6701126168631436e+291
10766165761081057e+291
9559032201167048e+291
8351898641253039e+291
11209804673788651e+291
7144765081339030e+291
10002671113874642e+291
8795537553960633e+291
5937631521425021e+291
10446310026582236e+291
7588403994046624e+291
9239176466668227e+291
10889948939289830e+291
6381270434132615e+291
8032042906754218e+291
9682815379375821e+291
10126454292083415e+291
8475681819461812e+291
6824909346840209e+291
10570093204791009e+291
8919320732169406e+291
7268548259547803e+291
11013732117498603e+291
9362959644877000e+291
7712187172255397e+291
9806598557584594e+291
6061414699633794e+291
8155826084962991e+291
10250237470292188e+291
10693876382999782e+291
8599464997670585e+291
6505053612341388e+291
11137515295707376e+291
9043103910378179e+291
6948692525048982e+291
9486742823085773e+291
7392331437756576e+291
9930381735793367e+291
10374020648500961e+291
7835970350464170e+291
10817659561208555e+291
8279609263171764e+291
5741558965134973e+291
8723248175879358e+291
9166887088586952e+291
6185197877842567e+291
9610526001294546e+291
6628836790550161e+291
10054164914002140e+291
10497803826709734e+291
7072475703257755e+291
10941442739417328e+291
7516114615965349e+291
7959753528672943e+291
8403392441380537e+291
8847031354088131e+291
9290670266795725e+291
9734309179503319e+291
10177948092210913e+291
10621587004918507e+291
11065225917626101e+291
5865342143343746e+291
6308981056051340e+291
6752619968758934e+291
7196258881466528e+291
7639897794174122e+291
8083536706881716e+291
8527175619589310e+291
8970814532296904e+291
9414453445004498e+291
9858092357712092e+291
10301731270419686e+291
10745370183127280e+291
11189009095834874e+291
5989125321552519e+291
6432764234260113e+291
6876403146967707e+291
7320042059675301e+291
7763680972382895e+291
8207319885090489e+291
8650958797798083e+291
9094597710505677e+291
9538236623213271e+291
9981875535920865e+291
10425514448628459e+291
10869153361336053e+291
10992936539544826e+291
10549297626837232e+291
10105658714129638e+291
9662019801422044e+291
9218380888714450e+291
8774741976006856e+291
8331103063299262e+291
7887464150591668e+291
7443825237884074e+291
7000186325176480e+291
6556547412468886e+291
6112908499761292e+291
5669269587053698e+291
11116719717753599e+291
10673080805046005e+291
10229441892338411e+291
9785802979630817e+291
9342164066923223e+291
8898525154215629e+291
8454886241508035e+291
8011247328800441e+291
7567608416092847e+291
10796863983254778e+291
7123969503385253e+291
10353225070547184e+291
6680330590677659e+291
9909586157839590e+291
9465947245131996e+291
6236691677970065e+291
9022308332424402e+291
5793052765262471e+291
8578669419716808e+291
10920647161463551e+291
8135030507009214e+291
10477008248755957e+291
7691391594301620e+291
10033369336048363e+291
7247752681594026e+291
9589730423340769e+291
9146091510633175e+291
6804113768886432e+291
11044430339672324e+291
8702452597925581e+291
6360474856178838e+291
10600791426964730e+291
8258813685217987e+291
10157152514257136e+291
5916835943471244e+291
7815174772510393e+291
9713513601549542e+291
11168213517881097e+291
9269874688841948e+291
7371535859802799e+291
10724574605173503e+291
8826235776134354e+291
6927896947095205e+291
10280935692465909e+291
8382596863426760e+291
9837296779758315e+291
6484258034387611e+291
7938957950719166e+291
9393657867050721e+291
10848357783382276e+291
6040619121680017e+291
7495319038011572e+291
8950018954343127e+291
10404718870674682e+291
9961079957967088e+291
8506380041635533e+291
7051680125303978e+291
10972140961591049e+291
9517441045259494e+291
8062741128927939e+291
6608041212596384e+291
10528502048883455e+291
9073802132551900e+291
7619102216220345e+291
10084863136175861e+291
6164402299888790e+291
8630163219844306e+291
11095924139799822e+291
9641224223468267e+291
7175463303512751e+291
10652285227092228e+291
8186524307136712e+291
9197585310760673e+291
5720763387181196e+291
10208646314384634e+291
6731824390805157e+291
11219707318008595e+291
7742885394429118e+291
8753946398053079e+291
9765007401677040e+291
10776068405301001e+291
6288185478097563e+291
7299246481721524e+291
8310307485345485e+291
9321368488969446e+291
10332429492593407e+291
1187724362187782e+292
1369339042861575e+292
1550953723535368e+292
1732568404209161e+292
1914183084882954e+292
2095797765556747e+292
2081339889940492e+292
1899725209266699e+292
1718110528592906e+292
1536495847919113e+292
1354881167245320e+292
1173266486571527e+292
2066882014324237e+292
1885267333650444e+292
1703652652976651e+292
1522037972302858e+292
1340423291629065e+292
2234038819381775e+292
2052424138707982e+292
1158808610955272e+292
1870809458034189e+292
1689194777360396e+292
2219580943765520e+292
1507580096686603e+292
2037966263091727e+292
1325965416012810e+292
1856351582417934e+292
2205123068149265e+292
1674736901744141e+292
1144350735339017e+292
2023508387475472e+292
1493122221070348e+292
1841893706801679e+292
2190665192533010e+292
1311507540396555e+292
1660279026127886e+292
2009050511859217e+292
2176207316916755e+292
1827435831185424e+292
1478664345454093e+292
1129892859722762e+292
1994592636242962e+292
1645821150511631e+292
1297049664780300e+292
2161749441300500e+292
1812977955569169e+292
1464206469837838e+292
1980134760626707e+292
2147291565684245e+292
1631363274895376e+292
1798520079952914e+292
1282591789164045e+292
1965676885010452e+292
2132833690067990e+292
1449748594221583e+292
1616905399279121e+292
1784062204336659e+292
1951219009394197e+292
2118375814451735e+292
1268133913547790e+292
1435290718605328e+292
1602447523662866e+292
1769604328720404e+292
1936761133777942e+292
2103917938835480e+292
1253676037931535e+292
1420832842989073e+292
1587989648046611e+292
1755146453104149e+292
1922303258161687e+292
2089460063219225e+292
2242158992660508e+292
2075002187602970e+292
1907845382545432e+292
1740688577487894e+292
1573531772430356e+292
1406374967372818e+292
1239218162315280e+292
2227701117044253e+292
2060544311986715e+292
1893387506929177e+292
1726230701871639e+292
1559073896814101e+292
2213243241427998e+292
1391917091756563e+292
2046086436370460e+292
1878929631312922e+292
1224760286699025e+292
1711772826255384e+292
2198785365811743e+292
1544616021197846e+292
2031628560754205e+292
1864471755696667e+292
1377459216140308e+292
2184327490195488e+292
1697314950639129e+292
1210302411082770e+292
2017170685137950e+292
1530158145581591e+292
1850013880080412e+292
2169869614579233e+292
1363001340524053e+292
1682857075022874e+292
2002712809521695e+292
2155411738962978e+292
1835556004464157e+292
1515700269965336e+292
1195844535466515e+292
1988254933905440e+292
1668399199406619e+292
1348543464907798e+292
2140953863346723e+292
1821098128847902e+292
1501242394349081e+292
1973797058289185e+292
1181386659850260e+292
1653941323790364e+292
2126495987730468e+292
1806640253231647e+292
1334085589291543e+292
1959339182672930e+292
1486784518732826e+292
2112038112114213e+292
1639483448174109e+292
1792182377615392e+292
1166928784234005e+292
1944881307056675e+292
2097580236497958e+292
1319627713675288e+292
1472326643116571e+292
1625025572557854e+292
1777724501999137e+292
1930423431440420e+292
2083122360881703e+292
2235821290322986e+292
1152470908617750e+292
1305169838059033e+292
1457868767500316e+292
1610567696941599e+292
1763266626382882e+292
1915965555824165e+292
2068664485265448e+292
2221363414706731e+292
2206905539090476e+292
2054206609649193e+292
1901507680207910e+292
1748808750766627e+292
1596109821325344e+292
1443410891884061e+292
1290711962442778e+292
1138013033001495e+292
2192447663474221e+292
2039748734032938e+292
1887049804591655e+292
1734350875150372e+292
1581651945709089e+292
1428953016267806e+292
2177989787857966e+292
1276254086826523e+292
2025290858416683e+292
1872591928975400e+292
1719892999534117e+292
1567194070092834e+292
2163531912241711e+292
2010832982800428e+292
1414495140651551e+292
1858134053359145e+292
1261796211210268e+292
1705435123917862e+292
2149074036625456e+292
1552736194476579e+292
1996375107184173e+292
1843676177742890e+292
1400037265035296e+292
2134616161009201e+292
1690977248301607e+292
1981917231567918e+292
1247338335594013e+292
1538278318860324e+292
1829218302126635e+292
2120158285392946e+292
1385579389419041e+292
1676519372685352e+292
1967459355951663e+292
2105700409776691e+292
1814760426510380e+292
1523820443244069e+292
1232880459977758e+292
2243941463601719e+292
1953001480335408e+292
1662061497069097e+292
2375448724375564e+292
2557063405049357e+292
2738678085723150e+292
2920292766396943e+292
3101907447070736e+292
3283522127744529e+292
3465136808418322e+292
3646751489092115e+292
3828366169765908e+292
4009980850439701e+292
4191595531113494e+292
4373210211787287e+292
4344294460554777e+292
4162679779880984e+292
3981065099207191e+292
3799450418533398e+292
3617835737859605e+292
3436221057185812e+292
3254606376512019e+292
3072991695838226e+292
2891377015164433e+292
2709762334490640e+292
2528147653816847e+292
2346532973143054e+292
4315378709322267e+292
4133764028648474e+292
3952149347974681e+292
3770534667300888e+292
3588919986627095e+292
3407305305953302e+292
3225690625279509e+292
3044075944605716e+292
2862461263931923e+292
2680846583258130e+292
4468077638763550e+292
4286462958089757e+292
2499231902584337e+292
4104848277415964e+292
3923233596742171e+292
2317617221910544e+292
3741618916068378e+292
3560004235394585e+292
3378389554720792e+292
3196774874046999e+292
4439161887531040e+292
4257547206857247e+292
3015160193373206e+292
4075932526183454e+292
2833545512699413e+292
3894317845509661e+292
2651930832025620e+292
3712703164835868e+292
3531088484162075e+292
2470316151351827e+292
4410246136298530e+292
3349473803488282e+292
4228631455624737e+292
2288701470678034e+292
3167859122814489e+292
4047016774950944e+292
3865402094277151e+292
2986244442140696e+292
3683787413603358e+292
2804629761466903e+292
4381330385066020e+292
3502172732929565e+292
4199715704392227e+292
2623015080793110e+292
3320558052255772e+292
4018101023718434e+292
2441400400119317e+292
3138943371581979e+292
3836486343044641e+292
4352414633833510e+292
3654871662370848e+292
2957328690908186e+292
2259785719445524e+292
4170799953159717e+292
3473256981697055e+292
2775714010234393e+292
3989185272485924e+292
3291642301023262e+292
3807570591812131e+292
2594099329560600e+292
4323498882601000e+292
3110027620349469e+292
3625955911138338e+292
4141884201927207e+292
2412484648886807e+292
2928412939675676e+292
3444341230464545e+292
3960269521253414e+292
4476197812042283e+292
4294583131368490e+292
3778654840579621e+292
3262726549790752e+292
2746798259001883e+292
4112968450694697e+292
3597040159905828e+292
3081111869116959e+292
4447282060809773e+292
2565183578328090e+292
3931353770020904e+292
3415425479232035e+292
4265667380135980e+292
2899497188443166e+292
3749739089347111e+292
2383568897654297e+292
3233810798558242e+292
4084052699462187e+292
4418366309577263e+292
3568124408673318e+292
2717882507769373e+292
3902438018788394e+292
3052196117884449e+292
4236751628903470e+292
3386509727999525e+292
3720823338114601e+292
2536267827095580e+292
4055136948229677e+292
2870581437210656e+292
4389450558344753e+292
3204895047325732e+292
3539208657440808e+292
3873522267555884e+292
4207835877670960e+292
2354653146421787e+292
2688966756536863e+292
3023280366651939e+292
3357593976767015e+292
3691907586882091e+292
4026221196997167e+292
4360534807112243e+292
2507352075863070e+292
2841665685978146e+292
3175979296093222e+292
3510292906208298e+292
3844606516323374e+292
4178920126438450e+292
4331619055879733e+292
3997305445764657e+292
3662991835649581e+292
3328678225534505e+292
2994364615419429e+292
2660051005304353e+292
2325737395189277e+292
4484317985321016e+292
4150004375205940e+292
3815690765090864e+292
3481377154975788e+292
3147063544860712e+292
4302703304647223e+292
2812749934745636e+292
3968389694532147e+292
2478436324630560e+292
3634076084417071e+292
4455402234088506e+292
3299762474301995e+292
4121088623973430e+292
2965448864186919e+292
3786775013858354e+292
2631135254071843e+292
3452461403743278e+292
4273787553414713e+292
3939473943299637e+292
3118147793628202e+292
2296821643956767e+292
4426486482855996e+292
3605160333184561e+292
2783834183513126e+292
4092172872740920e+292
3270846723069485e+292
3757859262625844e+292
2449520573398050e+292
4244871802182203e+292
2936533112954409e+292
3423545652510768e+292
3910558192067127e+292
4397570731623486e+292
2602219502839333e+292
3089232042395692e+292
3576244581952051e+292
4063257121508410e+292
4215956050949693e+292
3728943511393334e+292
3241930971836975e+292
2754918432280616e+292
2267905892724257e+292
4368654980390976e+292
3881642440834617e+292
3394629901278258e+292
2907617361721899e+292
2420604822165540e+292
4034341370275900e+292
3547328830719541e+292
3060316291163182e+292
4187040299717183e+292
3700027760160824e+292
2573303751606823e+292
4339739229158466e+292
3213015220604465e+292
3852726689602107e+292
4492438158599749e+292
2726002681048106e+292
3365714150045748e+292
4005425619043390e+292
2878701610489389e+292
3518413079487031e+292
4158124548484673e+292
4310823477925956e+292
3671112008928314e+292
3031400539930672e+292
2391689070933030e+292
4463522407367239e+292
3823810938369597e+292
3184099469371955e+292
3976509867810880e+292
2544388000374313e+292
3336798398813238e+292
4129208797252163e+292
2697086929815596e+292
3489497328254521e+292
4281907726693446e+292
4434606656134729e+292
3642196257695804e+292
2849785859256879e+292
3794895187137087e+292
3002484788698162e+292
3947594116578370e+292
3155183718139445e+292
4100293046019653e+292
2362773319700520e+292
3307882647580728e+292
4252991975460936e+292
4405690904902219e+292
3460581577022011e+292
2515472249141803e+292
3613280506463294e+292
2668171178583086e+292
3765979435904577e+292
3918678365345860e+292
2820870108024369e+292
4071377294787143e+292
2973569037465652e+292
4224076224228426e+292
3126267966906935e+292
4376775153669709e+292
3278966896348218e+292
3431665825789501e+292
3584364755230784e+292
3737063684672067e+292
2333857568468010e+292
3889762614113350e+292
4042461543554633e+292
2486556497909293e+292
4195160472995916e+292
4347859402437199e+292
2639255427350576e+292
2791954356791859e+292
2944653286233142e+292
3097352215674425e+292
3250051145115708e+292
3402750074556991e+292
3555449003998274e+292
3708147933439557e+292
3860846862880840e+292
4013545792322123e+292
4166244721763406e+292
4318943651204689e+292
4471642580645972e+292
2304941817235500e+292
2457640746676783e+292
2610339676118066e+292
2763038605559349e+292
2915737535000632e+292
3068436464441915e+292
3221135393883198e+292
3373834323324481e+292
3526533252765764e+292
3679232182207047e+292
3831931111648330e+292
3984630041089613e+292
4137328970530896e+292
4290027899972179e+292
4442726829413462e+292
4413811078180952e+292
4261112148739669e+292
4108413219298386e+292
3955714289857103e+292
3803015360415820e+292
3650316430974537e+292
3497617501533254e+292
3344918572091971e+292
3192219642650688e+292
3039520713209405e+292
2886821783768122e+292
2734122854326839e+292
2581423924885556e+292
2428724995444273e+292
2276026066002990e+292
4384895326948442e+292
4232196397507159e+292
4079497468065876e+292
3926798538624593e+292
3774099609183310e+292
3621400679742027e+292
3468701750300744e+292
3316002820859461e+292
3163303891418178e+292
3010604961976895e+292
2857906032535612e+292
2705207103094329e+292
4355979575715932e+292
2552508173653046e+292
4203280646274649e+292
4050581716833366e+292
2399809244211763e+292
3897882787392083e+292
3745183857950800e+292
3592484928509517e+292
3439785999068234e+292
3287087069626951e+292
4479762753924705e+292
3134388140185668e+292
4327063824483422e+292
2981689210744385e+292
4174364895042139e+292
4021665965600856e+292
2828990281303102e+292
3868967036159573e+292
2676291351861819e+292
3716268106718290e+292
3563569177277007e+292
2523592422420536e+292
4450847002692195e+292
3410870247835724e+292
4298148073250912e+292
2370893492979253e+292
3258171318394441e+292
4145449143809629e+292
3105472388953158e+292
3992750214368346e+292
3840051284927063e+292
2952773459511875e+292
3687352355485780e+292
4421931251459685e+292
2800074530070592e+292
3534653426044497e+292
4269232322018402e+292
2647375600629309e+292
3381954496603214e+292
4116533392577119e+292
3963834463135836e+292
3229255567161931e+292
2494676671188026e+292
3811135533694553e+292
3076556637720648e+292
4393015500227175e+292
2341977741746743e+292
3658436604253270e+292
4240316570785892e+292
2923857708279365e+292
3505737674811987e+292
4087617641344609e+292
2771158778838082e+292
3353038745370704e+292
3934918711903326e+292
2618459849396799e+292
3200339815929421e+292
3782219782462043e+292
4364099748994665e+292
4211400819553382e+292
3629520853020760e+292
3047640886488138e+292
2465760919955516e+292
4058701890112099e+292
3476821923579477e+292
4487882927203438e+292
2894941957046855e+292
3906002960670816e+292
2313061990514233e+292
3324122994138194e+292
4335183997762155e+292
6414345326047775e+292
6777574687395361e+292
7140804048742947e+292
7504033410090533e+292
7867262771438119e+292
8230492132785705e+292
8593721494133291e+292
8956950855480877e+292
4750897448751128e+292
5114126810098714e+292
5477356171446300e+292
5840585532793886e+292
6203814894141472e+292
6567044255489058e+292
6930273616836644e+292
7293502978184230e+292
7656732339531816e+292
8019961700879402e+292
8383191062226988e+292
8746420423574574e+292
4540367016844825e+292
4903596378192411e+292
5266825739539997e+292
5630055100887583e+292
5993284462235169e+292
6356513823582755e+292
6719743184930341e+292
7082972546277927e+292
7446201907625513e+292
7809431268973099e+292
8172660630320685e+292
8535889991668271e+292
8899119353015857e+292
8688588921109554e+292
8325359559761968e+292
7962130198414382e+292
7598900837066796e+292
7235671475719210e+292
6872442114371624e+292
6509212753024038e+292
6145983391676452e+292
5782754030328866e+292
5419524668981280e+292
5056295307633694e+292
4693065946286108e+292
8841287850550837e+292
8478058489203251e+292
8114829127855665e+292
7751599766508079e+292
7388370405160493e+292
7025141043812907e+292
6661911682465321e+292
6298682321117735e+292
5935452959770149e+292
8630757418644534e+292
5572223598422563e+292
8267528057296948e+292
7904298695949362e+292
5208994237074977e+292
7541069334601776e+292
4845764875727391e+292
7177839973254190e+292
6814610611906604e+292
8783456348085817e+292
6451381250559018e+292
8420226986738231e+292
6088151889211432e+292
8056997625390645e+292
7693768264043059e+292
5724922527863846e+292
7330538902695473e+292
5361693166516260e+292
8936155277527100e+292
6967309541347887e+292
8572925916179514e+292
4998463805168674e+292
6604080180000301e+292
8209696554831928e+292
7846467193484342e+292
6240850818652715e+292
4635234443821088e+292
7483237832136756e+292
5877621457305129e+292
8725624845620797e+292
7120008470789170e+292
8362395484273211e+292
5514392095957543e+292
6756779109441584e+292
7999166122925625e+292
5151162734609957e+292
6393549748093998e+292
7635936761578039e+292
8878323775062080e+292
8515094413714494e+292
7272707400230453e+292
6030320386746412e+292
4787933373262371e+292
8151865052366908e+292
6909478038882867e+292
5667091025398826e+292
7788635691019322e+292
6546248677535281e+292
8667793343155777e+292
5303861664051240e+292
7425406329671736e+292
8304563981808191e+292
6183019316187695e+292
7062176968324150e+292
7941334620460605e+292
4940632302703654e+292
8820492272597060e+292
5819789954840109e+292
6698947606976564e+292
7578105259113019e+292
8457262911249474e+292
4577402941356068e+292
5456560593492523e+292
6335718245628978e+292
7214875897765433e+292
8094033549901888e+292
8973191202038343e+292
8609961840690757e+292
7730804188554302e+292
6851646536417847e+292
5972488884281392e+292
5093331232144937e+292
8246732479343171e+292
7367574827206716e+292
6488417175070261e+292
5609259522933806e+292
8762660770132040e+292
4730101870797351e+292
7883503117995585e+292
7004345465859130e+292
6125187813722675e+292
8399431408784454e+292
7520273756647999e+292
5246030161586220e+292
8915359699573323e+292
6641116104511544e+292
8036202047436868e+292
5761958452375089e+292
7157044395300413e+292
8552130338225737e+292
4882800800238634e+292
6277886743163958e+292
7672972686089282e+292
8188900976878151e+292
6793815033952827e+292
5398729091027503e+292
8704829267667020e+292
7309743324741696e+292
5914657381816372e+292
7825671615530565e+292
4519571438891048e+292
6430585672605241e+292
8341599906319434e+292
8857528197108303e+292
6946513963394110e+292
5035499729679917e+292
7462442254182979e+292
5551428020468786e+292
7978370544971848e+292
6067356311257655e+292
8494298835760717e+292
6583284602046524e+292
7099212892835393e+292
7615141183624262e+292
4672270368332331e+292
8131069474413131e+292
5188198659121200e+292
8646997765202000e+292
5704126949910069e+292
6220055240698938e+292
6735983531487807e+292
7251911822276676e+292
7767840113065545e+292
8283768403854414e+292
8799696694643283e+292
4824969297773614e+292
5340897588562483e+292
5856825879351352e+292
6372754170140221e+292
6888682460929090e+292
7404610751717959e+292
7920539042506828e+292
8436467333295697e+292
8952395624084566e+292
8589166262736980e+292
8073237971948111e+292
7557309681159242e+292
7041381390370373e+292
6525453099581504e+292
6009524808792635e+292
5493596518003766e+292
4977668227214897e+292
8741865192178263e+292
8225936901389394e+292
7710008610600525e+292
7194080319811656e+292
6678152029022787e+292
6162223738233918e+292
5646295447445049e+292
8894564121619546e+292
5130367156656180e+292
8378635830830677e+292
7862707540041808e+292
4614438865867311e+292
7346779249252939e+292
6830850958464070e+292
6314922667675201e+292
8531334760271960e+292
5798994376886332e+292
8015406469483091e+292
7499478178694222e+292
5283066086097463e+292
6983549887905353e+292
8684033689713243e+292
4767137795308594e+292
6467621597116484e+292
8168105398924374e+292
5951693306327615e+292
7652177108135505e+292
8836732619154526e+292
7136248817346636e+292
5435765015538746e+292
8320804328365657e+292
6620320526557767e+292
7804876037576788e+292
4919836724749877e+292
6104392235768898e+292
7288947746787919e+292
8473503257806940e+292
5588463944980029e+292
6773019455999050e+292
7957574967018071e+292
8626202187248223e+292
7441646676229202e+292
6257091165210181e+292
5072535654191160e+292
8110273896459354e+292
6925718385440333e+292
5741162874421312e+292
8778901116689506e+292
4556607363402291e+292
7594345605670485e+292
6409790094651464e+292
8262972825900637e+292
5225234583632443e+292
7078417314881616e+292
8931600046130789e+292
7747044535111768e+292
5893861803862595e+292
8415671755341920e+292
6562489024092747e+292
4709306292843574e+292
7231116244322899e+292
7899743464553051e+292
5377933513073726e+292
8568370684783203e+292
6046560733303878e+292
6715187953534030e+292
7383815173764182e+292
8052442393994334e+292
8721069614224486e+292
4862005222284857e+292
5530632442515009e+292
6199259662745161e+292
6867886882975313e+292
7536514103205465e+292
8205141323435617e+292
8873768543665769e+292
5014704151726140e+292
5683331371956292e+292
6351958592186444e+292
7020585812416596e+292
7689213032646748e+292
8357840252876900e+292
8510539182318183e+292
7841911962088031e+292
7173284741857879e+292
6504657521627727e+292
5836030301397575e+292
5167403081167423e+292
4498775860937271e+292
8663238111759466e+292
7994610891529314e+292
7325983671299162e+292
6657356451069010e+292
5988729230838858e+292
8815937041200749e+292
8147309820970597e+292
5320102010608706e+292
7478682600740445e+292
4651474790378554e+292
6810055380510293e+292
8968635970642032e+292
8300008750411880e+292
6141428160280141e+292
7631381530181728e+292
5472800940049989e+292
6962754309951576e+292
8452707679853163e+292
4804173719819837e+292
6294127089721424e+292
7784080459623011e+292
8605406609294446e+292
7115453239392859e+292
5625499869491272e+292
7936779389064294e+292
6446826019162707e+292
8758105538735729e+292
4956872649261120e+292
7268152168834142e+292
5778198798932555e+292
8089478318505577e+292
8910804468177012e+292
6599524948603990e+292
7420851098275425e+292
8242177247946860e+292
5109571578702403e+292
5930897728373838e+292
6752223878045273e+292
7573550027716708e+292
8394876177388143e+292
5262270508143686e+292
6083596657815121e+292
6904922807486556e+292
7726248957157991e+292
8547575106829426e+292
8700274036270709e+292
7878947886599274e+292
7057621736927839e+292
6236295587256404e+292
5414969437584969e+292
4593643287913534e+292
8852972965711992e+292
8031646816040557e+292
7210320666369122e+292
6388994516697687e+292
5567668367026252e+292
8184345745481840e+292
4746342217354817e+292
7363019595810405e+292
6541693446138970e+292
8337044674923123e+292
5720367296467535e+292
7515718525251688e+292
4899041146796100e+292
6694392375580253e+292
8489743604364406e+292
7668417454692971e+292
5873066225908818e+292
8642442533805689e+292
6847091305021536e+292
5051740076237383e+292
7821116384134254e+292
8795141463246972e+292
6025765155350101e+292
6999790234462819e+292
7973815313575537e+292
8947840392688255e+292
5204439005678666e+292
6178464084791384e+292
7152489163904102e+292
8126514243016820e+292
5357137935119949e+292
6331163014232667e+292
7305188093345385e+292
8279213172458103e+292
8431912101899386e+292
7457887022786668e+292
6483861943673950e+292
5509836864561232e+292
4535811785448514e+292
8584611031340669e+292
7610585952227951e+292
6636560873115233e+292
8737309960781952e+292
5662535794002515e+292
7763284881669234e+292
4688510714889797e+292
6789259802556516e+292
8890008890223235e+292
7915983811110517e+292
5815234723443798e+292
6941958731997799e+292
4841209644331080e+292
8068682740551800e+292
5967933652885081e+292
7094657661439082e+292
8221381669993083e+292
4993908573772363e+292
6120632582326364e+292
7247356590880365e+292
8374080599434366e+292
8526779528875649e+292
7400055520321648e+292
6273331511767647e+292
5146607503213646e+292
8679478458316932e+292
7552754449762931e+292
6426030441208930e+292
5299306432654929e+292
8832177387758215e+292
7705453379204214e+292
6578729370650213e+292
8984876317199498e+292
7858152308645497e+292
5452005362096212e+292
6731428300091496e+292
8010851238086780e+292
5604704291537495e+292
6884127229532779e+292
8163550167528063e+292
5757403220978778e+292
7036826158974062e+292
8316249096969346e+292
8468948026410629e+292
7189525088415345e+292
5910102150420061e+292
4630679212424777e+292
8621646955851912e+292
7342224017856628e+292
6062801079861344e+292
8774345885293195e+292
7494922947297911e+292
4783378141866060e+292
8927044814734478e+292
6215500009302627e+292
7647621876739194e+292
4936077071307343e+292
6368198938743910e+292
7800320806180477e+292
7953019735621760e+292
6520897868185193e+292
5088776000748626e+292
8105718665063043e+292
6673596797626476e+292
5241474930189909e+292
8258417594504326e+292
6826295727067759e+292
8411116523945609e+292
5394173859631192e+292
6978994656509042e+292
8563815453386892e+292
5546872789072475e+292
7131693585950325e+292
8716514382828175e+292
8869213312269458e+292
7284392515391608e+292
5699571718513758e+292
7437091444832891e+292
5852270647955041e+292
7589790374274174e+292
6004969577396324e+292
7742489303715457e+292
7895188233156740e+292
6157668506837607e+292
8047887162598023e+292
6310367436278890e+292
8200586092039306e+292
4572847709959757e+292
6463066365720173e+292
8353285021480589e+292
4725546639401040e+292
6615765295161456e+292
8505983950921872e+292
8658682880363155e+292
6768464224602739e+292
4878245568842323e+292
8811381809804438e+292
6921163154044022e+292
8964080739245721e+292
5030944498283606e+292
7073862083485305e+292
7226561012926588e+292
5183643427724889e+292
7379259942367871e+292
5336342357166172e+292
7531958871809154e+292
5489041286607455e+292
7684657801250437e+292
7837356730691720e+292
5641740216048738e+292
7990055660133003e+292
5794439145490021e+292
8142754589574286e+292
8295453519015569e+292
5947138074931304e+292
8448152448456852e+292
6099837004372587e+292
8600851377898135e+292
6252535933813870e+292
8753550307339418e+292
8906249236780701e+292
6405234863255153e+292
6557933792696436e+292
6710632722137719e+292
6863331651579002e+292
7016030581020285e+292
7168729510461568e+292
7321428439902851e+292
7474127369344134e+292
4515016207494737e+292
7626826298785417e+292
4667715136936020e+292
7779525228226700e+292
7932224157667983e+292
4820414066377303e+292
8084923087109266e+292
8237622016550549e+292
4973112995818586e+292
8390320945991832e+292
5125811925259869e+292
8543019875433115e+292
8695718804874398e+292
5278510854701152e+292
8848417734315681e+292
5431209784142435e+292
5583908713583718e+292
5736607643025001e+292
5889306572466284e+292
6042005501907567e+292
6194704431348850e+292
6347403360790133e+292
6500102290231416e+292
6652801219672699e+292
6805500149113982e+292
6958199078555265e+292
7110898007996548e+292
7263596937437831e+292
7416295866879114e+292
7568994796320397e+292
7721693725761680e+292
7874392655202963e+292
8027091584644246e+292
8179790514085529e+292
8332489443526812e+292
8485188372968095e+292
8637887302409378e+292
8790586231850661e+292
8943285161291944e+292
4609883634471000e+292
4762582563912283e+292
4915281493353566e+292
5067980422794849e+292
5220679352236132e+292
5373378281677415e+292
5526077211118698e+292
5678776140559981e+292
5831475070001264e+292
5984173999442547e+292
6136872928883830e+292
6289571858325113e+292
6442270787766396e+292
6594969717207679e+292
6747668646648962e+292
6900367576090245e+292
7053066505531528e+292
7205765434972811e+292
7358464364414094e+292
7511163293855377e+292
7663862223296660e+292
7816561152737943e+292
7969260082179226e+292
8121959011620509e+292
8274657941061792e+292
8427356870503075e+292
8580055799944358e+292
8732754729385641e+292
8885453658826924e+292
8980321085803187e+292
8827622156361904e+292
8674923226920621e+292
8522224297479338e+292
8369525368038055e+292
8216826438596772e+292
8064127509155489e+292
7911428579714206e+292
7758729650272923e+292
7606030720831640e+292
7453331791390357e+292
7300632861949074e+292
7147933932507791e+292
6995235003066508e+292
6842536073625225e+292
6689837144183942e+292
6537138214742659e+292
6384439285301376e+292
6231740355860093e+292
6079041426418810e+292
5926342496977527e+292
5773643567536244e+292
5620944638094961e+292
5468245708653678e+292
5315546779212395e+292
5162847849771112e+292
5010148920329829e+292
4857449990888546e+292
4704751061447263e+292
4552052132005980e+292
8922489583338167e+292
8769790653896884e+292
8617091724455601e+292
8464392795014318e+292
8311693865573035e+292
8158994936131752e+292
8006296006690469e+292
7853597077249186e+292
7700898147807903e+292
7548199218366620e+292
7395500288925337e+292
7242801359484054e+292
7090102430042771e+292
6937403500601488e+292
6784704571160205e+292
6632005641718922e+292
6479306712277639e+292
6326607782836356e+292
6173908853395073e+292
6021209923953790e+292
5868510994512507e+292
5715812065071224e+292
5563113135629941e+292
5410414206188658e+292
8864658080873147e+292
5257715276747375e+292
8711959151431864e+292
8559260221990581e+292
5105016347306092e+292
8406561292549298e+292
4952317417864809e+292
8253862363108015e+292
8101163433666732e+292
4799618488423526e+292
7948464504225449e+292
7795765574784166e+292
4646919558982243e+292
7643066645342883e+292
7490367715901600e+292
7337668786460317e+292
7184969857019034e+292
7032270927577751e+292
6879571998136468e+292
6726873068695185e+292
6574174139253902e+292
6421475209812619e+292
8959525507849410e+292
8806826578408127e+292
6268776280371336e+292
8654127648966844e+292
6116077350930053e+292
8501428719525561e+292
5963378421488770e+292
8348729790084278e+292
8196030860642995e+292
5810679492047487e+292
8043331931201712e+292
5657980562606204e+292
7890633001760429e+292
7737934072319146e+292
5505281633164921e+292
7585235142877863e+292
5352582703723638e+292
7432536213436580e+292
5199883774282355e+292
7279837283995297e+292
7127138354554014e+292
5047184844841072e+292
6974439425112731e+292
8901694005384390e+292
4894485915399789e+292
6821740495671448e+292
8748995075943107e+292
8596296146501824e+292
6669041566230165e+292
4741786985958506e+292
8443597217060541e+292
6516342636788882e+292
8290898287619258e+292
4589088056517223e+292
6363643707347599e+292
8138199358177975e+292
6210944777906316e+292
7985500428736692e+292
7832801499295409e+292
6058245848465033e+292
7680102569854126e+292
5905546919023750e+292
7527403640412843e+292
5752847989582467e+292
7374704710971560e+292
8843862502919370e+292
7222005781530277e+292
5600149060141184e+292
8691163573478087e+292
7069306852088994e+292
5447450130699901e+292
8538464644036804e+292
6916607922647711e+292
8385765714595521e+292
5294751201258618e+292
6763908993206428e+292
8233066785154238e+292
5142052271817335e+292
6611210063765145e+292
8080367855712955e+292
7927668926271672e+292
6458511134323862e+292
4989353342376052e+292
7774969996830389e+292
6305812204882579e+292
7622271067389106e+292
4836654412934769e+292
8938729929895633e+292
6153113275441296e+292
7469572137947823e+292
8786031000454350e+292
4683955483493486e+292
6000414346000013e+292
7316873208506540e+292
8633332071013067e+292
8480633141571784e+292
7164174279065257e+292
5847715416558730e+292
4531256554052203e+292
8327934212130501e+292
7011475349623974e+292
5695016487117447e+292
8175235282689218e+292
6858776420182691e+292
8022536353247935e+292
5542317557676164e+292
6706077490741408e+292
7869837423806652e+292
5389618628234881e+292
6553378561300125e+292
7717138494365369e+292
8880898427430613e+292
5236919698793598e+292
6400679631858842e+292
7564439564924086e+292
8728199497989330e+292
8575500568548047e+292
7411740635482803e+292
6247980702417559e+292
5084220769352315e+292
8422801639106764e+292
7259041706041520e+292
6095281772976276e+292
8270102709665481e+292
4931521839911032e+292
7106342776600237e+292
8117403780224198e+292
5942582843534993e+292
6953643847158954e+292
4778822910469749e+292
7964704850782915e+292
8975765854406876e+292
5789883914093710e+292
6800944917717671e+292
7812005921341632e+292
8823066924965593e+292
4626123981028466e+292
5637184984652427e+292
6648245988276388e+292
7659306991900349e+292
9712325329408559e+292
16671514697477713e+292
13555149374790722e+292
10438784052103731e+292
17397973420172885e+292
14281608097485894e+292
11165242774798903e+292
15008066820181066e+292
15734525542876238e+292
11891701497494075e+292
16460984265571410e+292
12618160220189247e+292
17187442988266582e+292
13344618942884419e+292
17913901710961754e+292
14071077665579591e+292
9501794897502256e+292
14797536388274763e+292
10228253620197428e+292
15523995110969935e+292
16250453833665107e+292
10954712342892600e+292
16976912556360279e+292
11681171065587772e+292
17703371279055451e+292
12407629788282944e+292
13134088510978116e+292
13860547233673288e+292
14587005956368460e+292
15313464679063632e+292
16039923401758804e+292
16766382124453976e+292
17492840847149148e+292
9291264465595953e+292
10017723188291125e+292
10744181910986297e+292
11470640633681469e+292
12197099356376641e+292
12923558079071813e+292
13650016801766985e+292
14376475524462157e+292
15102934247157329e+292
15829392969852501e+292
16555851692547673e+292
17282310415242845e+292
9080734033689650e+292
9807192756384822e+292
10533651479079994e+292
11260110201775166e+292
11986568924470338e+292
12713027647165510e+292
13439486369860682e+292
14165945092555854e+292
14892403815251026e+292
15618862537946198e+292
16345321260641370e+292
17071779983336542e+292
17798238706031714e+292
17587708274125411e+292
16861249551430239e+292
16134790828735067e+292
15408332106039895e+292
14681873383344723e+292
13955414660649551e+292
13228955937954379e+292
12502497215259207e+292
11776038492564035e+292
11049579769868863e+292
10323121047173691e+292
9596662324478519e+292
17377177842219108e+292
16650719119523936e+292
15924260396828764e+292
15197801674133592e+292
14471342951438420e+292
13744884228743248e+292
13018425506048076e+292
12291966783352904e+292
17893106133007977e+292
11565508060657732e+292
17166647410312805e+292
16440188687617633e+292
10839049337962560e+292
15713729964922461e+292
10112590615267388e+292
14987271242227289e+292
14260812519532117e+292
9386131892572216e+292
13534353796836945e+292
17682575701101674e+292
12807895074141773e+292
16956116978406502e+292
16229658255711330e+292
12081436351446601e+292
15503199533016158e+292
11354977628751429e+292
14776740810320986e+292
10628518906056257e+292
14050282087625814e+292
17472045269195371e+292
16745586546500199e+292
13323823364930642e+292
9902060183361085e+292
16019127823805027e+292
12597364642235470e+292
9175601460665913e+292
15292669101109855e+292
11870905919540298e+292
14566210378414683e+292
17261514837289068e+292
11144447196845126e+292
13839751655719511e+292
16535056114593896e+292
15808597391898724e+292
13113292933024339e+292
10417988474149954e+292
17777443128077937e+292
15082138669203552e+292
12386834210329167e+292
17050984405382765e+292
9691529751454782e+292
14355679946508380e+292
11660375487633995e+292
16324525682687593e+292
13629221223813208e+292
15598066959992421e+292
17566912696171634e+292
10933916764938823e+292
12902762501118036e+292
14871608237297249e+292
16840453973476462e+292
10207458042243651e+292
12176303778422864e+292
14145149514602077e+292
16113995250781290e+292
17356382264265331e+292
15387536528086118e+292
13418690791906905e+292
11449845055727692e+292
9480999319548479e+292
16629923541570159e+292
14661077805390946e+292
12692232069211733e+292
10723386333032520e+292
17872310555054200e+292
15903464818874987e+292
13934619082695774e+292
17145851832359028e+292
11965773346516561e+292
15177006096179815e+292
9996927610337348e+292
13208160360000602e+292
16419393109663856e+292
11239314623821389e+292
14450547373484643e+292
17661780123147897e+292
15692934386968684e+292
12481701637305430e+292
9270468887642176e+292
16935321400452725e+292
13724088650789471e+292
10512855901126217e+292
14966475664273512e+292
16208862677757553e+292
11755242914610258e+292
17451249691241594e+292
12997629928094299e+292
14240016941578340e+292
15482403955062381e+292
9786397178431045e+292
16724790968546422e+292
17967177982030463e+292
11028784191915086e+292
12271171205399127e+292
13513558218883168e+292
14755945232367209e+292
15998332245851250e+292
17240719259335291e+292
9059938455735873e+292
10302325469219914e+292
11544712482703955e+292
12787099496187996e+292
14029486509672037e+292
15271873523156078e+292
16514260536640119e+292
17756647550124160e+292
17030188827428988e+292
15787801813944947e+292
14545414800460906e+292
13303027786976865e+292
12060640773492824e+292
10818253760008783e+292
9575866746524742e+292
17546117118217857e+292
16303730104733816e+292
15061343091249775e+292
13818956077765734e+292
12576569064281693e+292
11334182050797652e+292
10091795037313611e+292
16819658395522685e+292
15577271382038644e+292
14334884368554603e+292
13092497355070562e+292
17335586686311554e+292
11850110341586521e+292
16093199672827513e+292
10607723328102480e+292
14850812659343472e+292
17851514977100423e+292
13608425645859431e+292
9365336314618439e+292
16609127963616382e+292
12366038632375390e+292
15366740950132341e+292
11123651618891349e+292
14124353936648300e+292
17125056254405251e+292
15882669240921210e+292
12881966923164259e+292
9881264605407308e+292
17640984545194120e+292
14640282227437169e+292
11639579909680218e+292
16398597531710079e+292
13397895213953128e+292
15156210518226038e+292
10397192896196177e+292
16914525822498948e+292
12155508200469087e+292
13913823504741997e+292
15672138809014907e+292
17430454113287817e+292
9154805882712136e+292
10913121186985046e+292
12671436491257956e+292
14429751795530866e+292
16188067099803776e+292
17946382404076686e+292
9670734173501005e+292
11429049477773915e+292
13187364782046825e+292
14945680086319735e+292
16703995390592645e+292
17219923681381514e+292
15461608377108604e+292
13703293072835694e+292
11944977768562784e+292
10186662464289874e+292
17735851972170383e+292
15977536667897473e+292
14219221363624563e+292
12460906059351653e+292
16493464958686342e+292
10702590755078743e+292
14735149654413432e+292
12976834350140522e+292
17009393249475211e+292
15251077945202301e+292
11218519045867612e+292
17525321540264080e+292
13492762640929391e+292
9460203741594702e+292
15767006235991170e+292
11734447336656481e+292
14008690931718260e+292
16282934526780039e+292
9976132032383571e+292
12250375627445350e+292
14524619222507129e+292
16798862817568908e+292
17314791108357777e+292
15040547513295998e+292
12766303918234219e+292
10492060323172440e+292
17830719399146646e+292
15556475804084867e+292
13282232209023088e+292
11007988613961309e+292
16072404094873736e+292
13798160499811957e+292
16588332385662605e+292
11523916904750178e+292
14314088790600826e+292
17104260676451474e+292
9249673309688399e+292
12039845195539047e+292
14830017081389695e+292
17620188967240343e+292
9765601600477268e+292
12555773486327916e+292
15345945372178564e+292
15861873662967433e+292
13071701777116785e+292
10281529891266137e+292
16377801953756302e+292
13587630067905654e+292
16893730244545171e+292
10797458182055006e+292
14103558358694523e+292
17409658535334040e+292
11313386472843875e+292
14619486649483392e+292
17925586826122909e+292
15135414940272261e+292
11829314763632744e+292
15651343231061130e+292
12345243054421613e+292
16167271521849999e+292
9039142877782096e+292
12861171345210482e+292
16683199812638868e+292
9555071168570965e+292
13377099635999351e+292
17199128103427737e+292
17715056394216606e+292
13893027926788220e+292
10070999459359834e+292
14408956217577089e+292
10586927750148703e+292
14924884508365958e+292
15440812799154827e+292
11102856040937572e+292
15956741089943696e+292
11618784331726441e+292
16472669380732565e+292
12134712622515310e+292
16988597671521434e+292
17504525962310303e+292
12650640913304179e+292
13166569204093048e+292
13682497494881917e+292
14198425785670786e+292
14714354076459655e+292
15230282367248524e+292
9344540736664662e+292
15746210658037393e+292
16262138948826262e+292
9860469027453531e+292
16778067239615131e+292
10376397318242400e+292
17293995530404000e+292
17809923821192869e+292
10892325609031269e+292
11408253899820138e+292
11924182190609007e+292
12440110481397876e+292
12956038772186745e+292
13471967062975614e+292
13987895353764483e+292
14503823644553352e+292
15019751935342221e+292
15535680226131090e+292
16051608516919959e+292
16567536807708828e+292
17083465098497697e+292
17599393389286566e+292
9134010304758359e+292
9649938595547228e+292
10165866886336097e+292
10681795177124966e+292
11197723467913835e+292
11713651758702704e+292
12229580049491573e+292
12745508340280442e+292
13261436631069311e+292
13777364921858180e+292
14293293212647049e+292
14809221503435918e+292
15325149794224787e+292
15841078085013656e+292
16357006375802525e+292
16872934666591394e+292
17388862957380263e+292
17904791248169132e+292
17694260816262829e+292
17178332525473960e+292
16662404234685091e+292
16146475943896222e+292
15630547653107353e+292
15114619362318484e+292
14598691071529615e+292
14082762780740746e+292
13566834489951877e+292
13050906199163008e+292
12534977908374139e+292
12019049617585270e+292
11503121326796401e+292
10987193036007532e+292
10471264745218663e+292
9955336454429794e+292
9439408163640925e+292
17483730384356526e+292
16967802093567657e+292
16451873802778788e+292
15935945511989919e+292
15420017221201050e+292
14904088930412181e+292
14388160639623312e+292
13872232348834443e+292
13356304058045574e+292
12840375767256705e+292
12324447476467836e+292
11808519185678967e+292
11292590894890098e+292
10776662604101229e+292
17789128243239092e+292
17273199952450223e+292
10260734313312360e+292
16757271661661354e+292
9744806022523491e+292
16241343370872485e+292
15725415080083616e+292
9228877731734622e+292
15209486789294747e+292
14693558498505878e+292
14177630207717009e+292
13661701916928140e+292
13145773626139271e+292
12629845335350402e+292
17578597811332789e+292
17062669520543920e+292
12113917044561533e+292
16546741229755051e+292
11597988753772664e+292
16030812938966182e+292
11082060462983795e+292
15514884648177313e+292
14998956357388444e+292
10566132172194926e+292
14483028066599575e+292
10050203881406057e+292
13967099775810706e+292
17883995670215355e+292
17368067379426486e+292
13451171485021837e+292
9534275590617188e+292
16852139088637617e+292
12935243194232968e+292
16336210797848748e+292
9018347299828319e+292
12419314903444099e+292
15820282507059879e+292
11903386612655230e+292
15304354216271010e+292
14788425925482141e+292
11387458321866361e+292
17673465238309052e+292
14272497634693272e+292
17157536947520183e+292
10871530031077492e+292
13756569343904403e+292
16641608656731314e+292
10355601740288623e+292
13240641053115534e+292
16125680365942445e+292
15609752075153576e+292
12724712762326665e+292
9839673449499754e+292
15093823784364707e+292
12208784471537796e+292
17462934806402749e+292
9323745158710885e+292
14577895493575838e+292
16947006515613880e+292
11692856180748927e+292
14061967202786969e+292
16431078224825011e+292
11176927889960058e+292
13546038911998100e+292
15915149934036142e+292
10660999599171189e+292
13030110621209231e+292
15399221643247273e+292
17768332665285315e+292
17252404374496446e+292
14883293352458404e+292
12514182330420362e+292
10145071308382320e+292
16736476083707577e+292
14367365061669535e+292
11998254039631493e+292
16220547792918708e+292
9629143017593451e+292
13851436770880666e+292
15704619502129839e+292
11482325748842624e+292
17557802233379012e+292
13335508480091797e+292
9113214726804582e+292
15188691211340970e+292
17041873942590143e+292
10966397458053755e+292
12819580189302928e+292
14672762920552101e+292
16525945651801274e+292
10450469167264886e+292
12303651898514059e+292
14156834629763232e+292
16010017361012405e+292
17863200092261578e+292
17347271801472709e+292
15494089070223536e+292
13640906338974363e+292
11787723607725190e+292
9934540876476017e+292
16831343510683840e+292
14978160779434667e+292
13124978048185494e+292
11271795316936321e+292
16315415219894971e+292
9418612585687148e+292
14462232488645798e+292
12609049757396625e+292
17652669660355275e+292
15799486929106102e+292
10755867026147452e+292
13946304197856929e+292
17136741369566406e+292
12093121466607756e+292
15283558638317233e+292
16620813078777537e+292
13430375907068060e+292
10239938735358583e+292
17958067519237841e+292
14767630347528364e+292
11577193175818887e+292
16104884787988668e+292
12914447616279191e+292
17442139228448972e+292
14251702056739495e+292
9724010444569714e+292
15588956497199799e+292
11061264885030018e+292
16926210937660103e+292
12398519325490322e+292
13735773765950626e+292
15073028206410930e+292
16410282646871234e+292
17747537087331538e+292
9208082153780845e+292
10545336594241149e+292
11882591034701453e+292
13219845475161757e+292
14557099915622061e+292
15894354356082365e+292
17231608796542669e+292
10029408303452280e+292
11366662743912584e+292
12703917184372888e+292
14041171624833192e+292
15378426065293496e+292
16715680505753800e+292
17537006655425235e+292
16199752214964931e+292
14862497774504627e+292
13525243334044323e+292
12187988893584019e+292
10850734453123715e+292
9513480012663411e+292
17021078364636366e+292
15683823924176062e+292
14346569483715758e+292
13009315043255454e+292
17842404514307801e+292
11672060602795150e+292
16505150073847497e+292
10334806162334846e+292
15167895633387193e+292
13830641192926889e+292
8997551721874542e+292
17326476223518932e+292
12493386752466585e+292
15989221783058628e+292
11156132312006281e+292
14651967342598324e+292
16810547932730063e+292
13314712902138020e+292
9818877871545977e+292
15473293492269759e+292
11977458461677716e+292
17631874082401498e+292
14136039051809455e+292
16294619641941194e+292
10640204021217412e+292
12798784611349151e+292
14957365201480890e+292
17115945791612629e+292
9302949580757108e+292
11461530170888847e+292
13620110761020586e+292
15778691351152325e+292
17937271941284064e+292
16600017500823760e+292
14441436910692021e+292
12282856320560282e+292
10124275730428543e+292
17421343650495195e+292
15262763060363456e+292
13104182470231717e+292
10945601880099978e+292
16084089210034891e+292
13925508619903152e+292
16905415359706326e+292
11766928029771413e+292
14746834769574587e+292
17726741509377761e+292
9608347439639674e+292
12588254179442848e+292
15568160919246022e+292
10429673589311109e+292
13409580329114283e+292
16389487068917457e+292
17210813218588892e+292
14230906478785718e+292
11250999738982544e+292
15052232628457153e+292
12072325888653979e+292
15873558778128588e+292
9092419148850805e+292
12893652038325414e+292
16694884927800023e+292
17516211077471458e+292
13714978187996849e+292
9913745298522240e+292
14536304337668284e+292
10735071448193675e+292
15357630487339719e+292
11556397597865110e+292
16178956637011154e+292
17000282786682589e+292
12377723747536545e+292
17821608936354024e+292
13199049897207980e+292
14020376046879415e+292
14841702196550850e+292
9397817007733371e+292
15663028346222285e+292
16484354495893720e+292
10219143157404806e+292
17305680645565155e+292
11040469307076241e+292
11861795456747676e+292
12683121606419111e+292
13504447756090546e+292
14325773905761981e+292
15147100055433416e+292
15968426205104851e+292
16789752354776286e+292
17611078504447721e+292
9703214866615937e+292
10524541016287372e+292
11345867165958807e+292
12167193315630242e+292
12988519465301677e+292
13809845614973112e+292
14631171764644547e+292
15452497914315982e+292
16273824063987417e+292
17095150213658852e+292
17916476363330287e+292
17400548072541418e+292
16579221922869983e+292
15757895773198548e+292
14936569623527113e+292
14115243473855678e+292
13293917324184243e+292
12472591174512808e+292
11651265024841373e+292
10829938875169938e+292
10008612725498503e+292
9187286575827068e+292
17705945931423984e+292
16884619781752549e+292
16063293632081114e+292
15241967482409679e+292
14420641332738244e+292
13599315183066809e+292
12777989033395374e+292
11956662883723939e+292
11135336734052504e+292
10314010584381069e+292
17190017640635115e+292
16368691490963680e+292
9492684434709634e+292
15547365341292245e+292
14726039191620810e+292
13904713041949375e+292
13083386892277940e+292
17495415499517681e+292
12262060742606505e+292
16674089349846246e+292
11440734592935070e+292
15852763200174811e+292
15031437050503376e+292
10619408443263635e+292
14210110900831941e+292
17800813358400247e+292
9798082293592200e+292
13388784751160506e+292
16979487208728812e+292
12567458601489071e+292
16158161059057377e+292
15336834909385942e+292
11746132451817636e+292
14515508759714507e+292
17284885067611378e+292
10924806302146201e+292
13694182610043072e+292
16463558917939943e+292
10103480152474766e+292
12872856460371637e+292
15642232768268508e+292
17590282926493944e+292
14820906618597073e+292
12051530310700202e+292
9282154002803331e+292
16768956776822509e+292
13999580468925638e+292
11230204161028767e+292
15947630627151074e+292
13178254319254203e+292
17895680785376510e+292
15126304477479639e+292
10408878011357332e+292
17074354635705075e+292
12356928169582768e+292
14304978327808204e+292
16253028486033640e+292
9587551861685897e+292
11535602019911333e+292
13483652178136769e+292
15431702336362205e+292
17379752494587641e+292
10714275870239898e+292
12662326028465334e+292
14610376186690770e+292
16558426344916206e+292
17685150353470207e+292
15737100195244771e+292
13789050037019335e+292
11840999878793899e+292
9892949720568463e+292
16863824203798772e+292
14915774045573336e+292
12967723887347900e+292
11019673729122464e+292
16042498054127337e+292
14094447895901901e+292
9071623570897028e+292
17169222062681338e+292
12146397737676465e+292
15221171904455902e+292
10198347579451029e+292
13273121746230466e+292
16347895913009903e+292
17474619921563904e+292
14399845754784467e+292
11325071588005030e+292
15526569763338468e+292
12451795596559031e+292
16653293771892469e+292
9377021429779594e+292
13578519605113032e+292
17780017780446470e+292
10503745438333595e+292
14705243613667033e+292
15831967622221034e+292
11630469446887596e+292
16958691630775035e+292
12757193455441597e+292
13883917463995598e+292
15010641472549599e+292
9682419288662160e+292
16137365481103600e+292
17264089489657601e+292
10809143297216161e+292
11935867305770162e+292
13062591314324163e+292
14189315322878164e+292
15316039331432165e+292
16442763339986166e+292
17569487348540167e+292
9987817147544726e+292
11114541156098727e+292
12241265164652728e+292
13367989173206729e+292
14494713181760730e+292
15621437190314731e+292
16748161198868732e+292
17874885207422733e+292
17053559057751298e+292
15926835049197297e+292
14800111040643296e+292
13673387032089295e+292
12546663023535294e+292
11419939014981293e+292
10293215006427292e+292
9166490997873291e+292
17358956916633864e+292
16232232908079863e+292
15105508899525862e+292
13978784890971861e+292
12852060882417860e+292
11725336873863859e+292
10598612865309858e+292
17664354775516430e+292
16537630766962429e+292
9471888856755857e+292
15410906758408428e+292
14284182749854427e+292
13157458741300426e+292
17969752634398996e+292
12030734732746425e+292
16843028625844995e+292
15716304617290994e+292
10904010724192424e+292
14589580608736993e+292
9777286715638423e+292
13462856600182992e+292
17148426484727561e+292
16021702476173560e+292
12336132591628991e+292
14894978467619559e+292
11209408583074990e+292
17453824343610127e+292
13768254459065558e+292
16327100335056126e+292
10082684574520989e+292
12641530450511557e+292
15200376326502125e+292
17759222202492693e+292
11514806441957556e+292
14073652317948124e+292
16632498193938692e+292
15505774185384691e+292
12946928309394123e+292
10388082433403555e+292
16937896052821258e+292
14379050176830690e+292
11820204300840122e+292
15811172044267257e+292
9261358424849554e+292
13252326168276689e+292
17243293911703824e+292
14684448035713256e+292
10693480292286121e+292
16116569903149823e+292
12125602159722688e+292
17548691770586390e+292
13557724027159255e+292
14989845894595822e+292
9566756283732120e+292
16421967762032389e+292
17854089629468956e+292
10998878151168687e+292
12431000018605254e+292
13863121886041821e+292
15295243753478388e+292
16727365620914955e+292
9872154142614686e+292
11304276010051253e+292
12736397877487820e+292
14168519744924387e+292
15600641612360954e+292
17032763479797521e+292
17338161338680087e+292
15906039471243520e+292
14473917603806953e+292
13041795736370386e+292
11609673868933819e+292
10177552001497252e+292
17643559197562653e+292
16211437330126086e+292
14779315462689519e+292
13347193595252952e+292
11915071727816385e+292
17948957056445219e+292
10482949860379818e+292
16516835189008652e+292
9050827992943251e+292
15084713321572085e+292
13652591454135518e+292
12220469586698951e+292
16822233047891218e+292
15390111180454651e+292
10788347719262384e+292
13957989313018084e+292
17127630906773784e+292
9356225851825817e+292
12525867445581517e+292
15695509039337217e+292
11093745578144950e+292
14263387171900650e+292
17433028765656350e+292
16000906898219783e+292
12831265304464083e+292
9661623710708383e+292
17738426624538916e+292
14568785030783216e+292
11399143437027516e+292
16306304757102349e+292
13136663163346649e+292
14874182889665782e+292
9967021569590949e+292
16611702615984915e+292
11704541295910082e+292
13442061022229215e+292
15179580748548348e+292
16917100474867481e+292
10272419428473515e+292
12009939154792648e+292
13747458881111781e+292
15484978607430914e+292
17222498333750047e+292
17527896192632613e+292
15790376466313480e+292
14052856739994347e+292
12315337013675214e+292
10577817287356081e+292
17833294051515179e+292
16095774325196046e+292
14358254598876913e+292
12620734872557780e+292
10883215146238647e+292
16401172184078612e+292
9145695419919514e+292
14663652457759479e+292
12926132731440346e+292
16706570042961178e+292
11188613005121213e+292
14969050316642045e+292
9451093278802080e+292
13231530590322912e+292
17011967901843744e+292
15274448175524611e+292
11494010864003779e+292
17317365760726310e+292
13536928449205478e+292
15579846034407177e+292
9756491137684646e+292
17622763619608876e+292
11799408722886345e+292
13842326308088044e+292
15885243893289743e+292
17928161478491442e+292
10061888996567212e+292
12104806581768911e+292
14147724166970610e+292
16190641752172309e+292
16496039611054875e+292
14453122025853176e+292
12410204440651477e+292
10367286855449778e+292
16801437469937441e+292
14758519884735742e+292
12715602299534043e+292
10672684714332344e+292
17106835328820007e+292
15063917743618308e+292
13021000158416609e+292
17412233187702573e+292
10978082573214910e+292
15369315602500874e+292
17717631046585139e+292
13326398017299175e+292
15674713461383440e+292
11283480432097476e+292
13631795876181741e+292
15980111320266006e+292
9240562846895777e+292
11588878290980042e+292
13937193735064307e+292
16285509179148572e+292
16590907038031138e+292
14242591593946873e+292
11894276149862608e+292
9545960705778343e+292
16896304896913704e+292
14547989452829439e+292
12199674008745174e+292
17201702755796270e+292
9851358564660909e+292
14853387311712005e+292
12505071867627740e+292
17507100614678836e+292
15158785170594571e+292
10156756423543475e+292
17812498473561402e+292
12810469726510306e+292
15464183029477137e+292
10462154282426041e+292
13115867585392872e+292
15769580888359703e+292
16074978747242269e+292
13421265444275438e+292
10767552141308607e+292
16380376606124835e+292
13726663303158004e+292
11072950000191173e+292
16685774465007401e+292
14032061162040570e+292
16991172323889967e+292
11378347859073739e+292
14337459020923136e+292
17296570182772533e+292
11683745717956305e+292
14642856879805702e+292
17601968041655099e+292
17907365900537665e+292
14948254738688268e+292
11989143576838871e+292
9030032414989474e+292
15253652597570834e+292
12294541435721437e+292
9335430273872040e+292
15559050456453400e+292
12599939294604003e+292
15864448315335966e+292
9640828132754606e+292
12905337153486569e+292
16169846174218532e+292
16475244033101098e+292
13210735012369135e+292
9946225991637172e+292
16780641891983664e+292
13516132871251701e+292
10251623850519738e+292
17086039750866230e+292
13821530730134267e+292
17391437609748796e+292
10557021709402304e+292
14126928589016833e+292
17696835468631362e+292
14432326447899399e+292
10862419568284870e+292
14737724306781965e+292
11167817427167436e+292
15043122165664531e+292
11473215286050002e+292
15348520024547097e+292
15653917883429663e+292
11778613144932568e+292
15959315742312229e+292
12084011003815134e+292
16264713601194795e+292
12389408862697700e+292
16570111460077361e+292
16875509318959927e+292
12694806721580266e+292
17180907177842493e+292
13000204580462832e+292
17486305036725059e+292
13305602439345398e+292
17791702895607625e+292
13611000298227964e+292
9124899841965737e+292
13916398157110530e+292
9430297700848303e+292
14221796015993096e+292
14527193874875662e+292
9735695559730869e+292
14832591733758228e+292
10041093418613435e+292
15137989592640794e+292
15443387451523360e+292
10346491277496001e+292
15748785310405926e+292
10651889136378567e+292
16054183169288492e+292
16359581028171058e+292
10957286995261133e+292
16664978887053624e+292
11262684854143699e+292
16970376745936190e+292
17275774604818756e+292
11568082713026265e+292
17581172463701322e+292
11873480571908831e+292
17886570322583888e+292
12178878430791397e+292
12484276289673963e+292
12789674148556529e+292
13095072007439095e+292
13400469866321661e+292
13705867725204227e+292
14011265584086793e+292
14316663442969359e+292
14622061301851925e+292
14927459160734491e+292
15232857019617057e+292
15538254878499623e+292
15843652737382189e+292
16149050596264755e+292
16454448455147321e+292
16759846314029887e+292
17065244172912453e+292
17370642031795019e+292
17676039890677585e+292
9219767268942000e+292
9525165127824566e+292
9830562986707132e+292
10135960845589698e+292
10441358704472264e+292
10746756563354830e+292
11052154422237396e+292
11357552281119962e+292
11662950140002528e+292
11968347998885094e+292
12273745857767660e+292
12579143716650226e+292
12884541575532792e+292
13189939434415358e+292
13495337293297924e+292
13800735152180490e+292
14106133011063056e+292
14411530869945622e+292
14716928728828188e+292
15022326587710754e+292
15327724446593320e+292
15633122305475886e+292
15938520164358452e+292
16243918023241018e+292
16549315882123584e+292
16854713741006150e+292
17160111599888716e+292
17465509458771282e+292
17770907317653848e+292
9009236837035697e+292
9314634695918263e+292
9620032554800829e+292
9925430413683395e+292
10230828272565961e+292
10536226131448527e+292
10841623990331093e+292
11147021849213659e+292
11452419708096225e+292
11757817566978791e+292
12063215425861357e+292
12368613284743923e+292
12674011143626489e+292
12979409002509055e+292
13284806861391621e+292
13590204720274187e+292
13895602579156753e+292
14201000438039319e+292
14506398296921885e+292
14811796155804451e+292
15117194014687017e+292
15422591873569583e+292
15727989732452149e+292
16033387591334715e+292
16338785450217281e+292
16644183309099847e+292
16949581167982413e+292
17254979026864979e+292
17560376885747545e+292
17865774744630111e+292
17960642171606374e+292
17655244312723808e+292
17349846453841242e+292
17044448594958676e+292
16739050736076110e+292
16433652877193544e+292
16128255018310978e+292
15822857159428412e+292
15517459300545846e+292
15212061441663280e+292
14906663582780714e+292
14601265723898148e+292
14295867865015582e+292
13990470006133016e+292
13685072147250450e+292
13379674288367884e+292
13074276429485318e+292
12768878570602752e+292
12463480711720186e+292
12158082852837620e+292
11852684993955054e+292
11547287135072488e+292
11241889276189922e+292
10936491417307356e+292
10631093558424790e+292
10325695699542224e+292
10020297840659658e+292
9714899981777092e+292
9409502122894526e+292
9104104264011960e+292
17750111739700071e+292
17444713880817505e+292
17139316021934939e+292
16833918163052373e+292
16528520304169807e+292
16223122445287241e+292
15917724586404675e+292
15612326727522109e+292
15306928868639543e+292
15001531009756977e+292
14696133150874411e+292
14390735291991845e+292
14085337433109279e+292
13779939574226713e+292
13474541715344147e+292
13169143856461581e+292
12863745997579015e+292
12558348138696449e+292
12252950279813883e+292
11947552420931317e+292
17844979166676334e+292
17539581307793768e+292
11642154562048751e+292
17234183448911202e+292
11336756703166185e+292
16928785590028636e+292
16623387731146070e+292
11031358844283619e+292
16317989872263504e+292
10725960985401053e+292
16012592013380938e+292
15707194154498372e+292
10420563126518487e+292
15401796295615806e+292
10115165267635921e+292
15096398436733240e+292
14791000577850674e+292
9809767408753355e+292
14485602718968108e+292
9504369549870789e+292
14180204860085542e+292
13874807001202976e+292
9198971690988223e+292
13569409142320410e+292
17939846593652597e+292
13264011283437844e+292
17634448734770031e+292
17329050875887465e+292
12958613424555278e+292
17023653017004899e+292
12653215565672712e+292
16718255158122333e+292
12347817706790146e+292
16412857299239767e+292
16107459440357201e+292
12042419847907580e+292
15802061581474635e+292
11737021989025014e+292
15496663722592069e+292
11431624130142448e+292
15191265863709503e+292
14885868004826937e+292
11126226271259882e+292
14580470145944371e+292
10820828412377316e+292
14275072287061805e+292
17729316161746294e+292
10515430553494750e+292
13969674428179239e+292
17423918302863728e+292
17118520443981162e+292
13664276569296673e+292
10210032694612184e+292
16813122585098596e+292
13358878710414107e+292
9904634835729618e+292
16507724726216030e+292
13053480851531541e+292
16202326867333464e+292
9599236976847052e+292
12748082992648975e+292
15896929008450898e+292
15591531149568332e+292
12442685133766409e+292
9293839117964486e+292
15286133290685766e+292
12137287274883843e+292
14980735431803200e+292
17824183588722557e+292
11831889416001277e+292
14675337572920634e+292
17518785729839991e+292
11526491557118711e+292
14369939714038068e+292
17213387870957425e+292
16907990012074859e+292
14064541855155502e+292
11221093698236145e+292
16602592153192293e+292
13759143996272936e+292
10915695839353579e+292
16297194294309727e+292
13453746137390370e+292
15991796435427161e+292
10610297980471013e+292
13148348278507804e+292
15686398576544595e+292
10304900121588447e+292
12842950419625238e+292
15381000717662029e+292
17919051015698820e+292
17613653156816254e+292
15075602858779463e+292
12537552560742672e+292
9999502262705881e+292
17308255297933688e+292
14770204999896897e+292
12232154701860106e+292
17002857439051122e+292
9694104403823315e+292
14464807141014331e+292
11926756842977540e+292
16697459580168556e+292
14159409282131765e+292
9388706544940749e+292
16392061721285990e+292
11621358984094974e+292
13854011423249199e+292
16086663862403424e+292
9083308686058183e+292
11315961125212408e+292
13548613564366633e+292
15781266003520858e+292
17708520583792517e+292
15475868144638292e+292
13243215705484067e+292
11010563266329842e+292
17403122724909951e+292
15170470285755726e+292
12937817846601501e+292
10705165407447276e+292
17097724866027385e+292
14865072426873160e+292
12632419987718935e+292
16792327007144819e+292
10399767548564710e+292
14559674567990594e+292
16486929148262253e+292
12327022128836369e+292
14254276709108028e+292
16181531289379687e+292
10094369689682144e+292
12021624269953803e+292
13948878850225462e+292
15876133430497121e+292
17803388010768780e+292
9788971830799578e+292
11716226411071237e+292
13643480991342896e+292
15570735571614555e+292
17497990151886214e+292
17192592293003648e+292
15265337712731989e+292
13338083132460330e+292
11410828552188671e+292
9483573971917012e+292
16887194434121082e+292
14959939853849423e+292
13032685273577764e+292
11105430693306105e+292
16581796575238516e+292
9178176113034446e+292
14654541994966857e+292
12727287414695198e+292
16276398716355950e+292
10800032834423539e+292
14349144136084291e+292
17898255437745043e+292
12421889555812632e+292
15971000857473384e+292
17592857578862477e+292
14043746277201725e+292
10494634975540973e+292
15665602998590818e+292
12116491696930066e+292
17287459719979911e+292
13738348418319159e+292
15360205139708252e+292
10189237116658407e+292
16982061861097345e+292
11811093838047500e+292
13432950559436593e+292
15054807280825686e+292
16676664002214779e+292
9883839257775841e+292
11505695979164934e+292
13127552700554027e+292
14749409421943120e+292
16371266143332213e+292
17687725005838740e+292
16065868284449647e+292
14444011563060554e+292
12822154841671461e+292
11200298120282368e+292
9578441398893275e+292
17382327146956174e+292
15760470425567081e+292
14138613704177988e+292
12516756982788895e+292
10894900261399802e+292
17076929288073608e+292
9273043540010709e+292
15455072566684515e+292
13833215845295422e+292
12211359123906329e+292
16771531429191042e+292
15149674707801949e+292
10589502402517236e+292
13527817986412856e+292
16466133570308476e+292
11905961265023763e+292
14844276848919383e+292
17782592432815003e+292
10284104543634670e+292
13222420127530290e+292
16160735711425910e+292
17477194573932437e+292
14538878990036817e+292
11600563406141197e+292
15855337852543344e+292
12917022268647724e+292
17171796715049871e+292
9978706684752104e+292
14233481131154251e+292
15549939993660778e+292
11295165547258631e+292
16866398856167305e+292
12611624409765158e+292
13928083272271685e+292
15244542134778212e+292
9673308825869538e+292
16561000997284739e+292
17877459859791266e+292
10989767688376065e+292
12306226550882592e+292
13622685413389119e+292
14939144275895646e+292
16255603138402173e+292
17572062000908700e+292
9367910966986972e+292
10684369829493499e+292
12000828692000026e+292
13317287554506553e+292
14633746417013080e+292
15950205279519607e+292
17266664142026134e+292
16961266283143568e+292
15644807420637041e+292
14328348558130514e+292
13011889695623987e+292
11695430833117460e+292
10378971970610933e+292
9062513108104406e+292
17972327286767529e+292
16655868424261002e+292
15339409561754475e+292
14022950699247948e+292
12706491836741421e+292
11390032974234894e+292
17666929427884963e+292
10073574111728367e+292
16350470565378436e+292
15034011702871909e+292
13717552840365382e+292
12401093977858855e+292
17361531569002397e+292
16045072706495870e+292
11084635115352328e+292
14728613843989343e+292
9768176252845801e+292
13412154981482816e+292
17056133710119831e+292
15739674847613304e+292
12095696118976289e+292
14423215985106777e+292
10779237256469762e+292
16750735851237265e+292
13106757122600250e+292
15434276988730738e+292
17761796854861226e+292
9462778393963235e+292
11790298260093723e+292
14117818126224211e+292
16445337992354699e+292
10473839397587196e+292
12801359263717684e+292
15128879129848172e+292
17456398995978660e+292
16139940133472133e+292
13812420267341645e+292
11484900401211157e+292
9157380535080669e+292
17151001137096094e+292
14823481270965606e+292
12495961404835118e+292
15834542274589567e+292
10168441538704630e+292
13507022408459079e+292
16845603278213528e+292
11179502542328591e+292
14518083412083040e+292
17856664281837489e+292
15529144415707001e+292
12190563545952552e+292
16540205419330962e+292
13201624549576513e+292
17551266422954923e+292
9863043679822064e+292
14212685553200474e+292
10874104683446025e+292
15223746556824435e+292
16234807560448396e+292
11885165687069986e+292
17245868564072357e+292
12896226690693947e+292
13907287694317908e+292
14918348697941869e+292
9557645820939498e+292
15929409701565830e+292
16940470705189791e+292
10568706824563459e+292
17951531708813752e+292
11579767828187420e+292
12590828831811381e+292
13601889835435342e+292
14612950839059303e+292
15624011842683264e+292
16635072846307225e+292
17646133849931186e+292
9252247962056932e+292
10263308965680893e+292
11274369969304854e+292
12285430972928815e+292
13296491976552776e+292
14307552980176737e+292
15318613983800698e+292
16329674987424659e+292
